0 0 800 800
400 0 400 400
600 0 200 200
400 0 200 200
500 0 100 100
400 0 100 100
450 0 50 50
400 0 50 50
450 50 50 50
400 50 50 50
500 100 100 100
400 100 100 100
450 100 50 50
400 100 50 50
450 150 50 50
400 150 50 50
600 200 200 200
400 200 200 200
500 200 100 100
400 200 100 100
450 200 50 50
400 200 50 50
450 250 50 50
400 250 50 50
500 300 100 100
400 300 100 100
450 300 50 50
400 300 50 50
450 350 50 50
400 350 50 50
0 0 400 400
200 0 200 200
300 0 100 100
350 0 50 50
300 0 50 50
350 50 50 50
300 50 50 50
200 0 100 100
250 0 50 50
200 0 50 50
250 50 50 50
200 50 50 50
300 100 100 100
350 100 50 50
300 100 50 50
350 150 50 50
300 150 50 50
200 100 100 100
250 100 50 50
200 100 50 50
225 101 25 25
201 101 25 25
225 125 25 25
201 125 25 25
250 150 50 50
275 151 25 25
251 151 25 25
275 175 25 25
251 175 25 25
200 150 50 50
0 0 200 200
100 0 100 100
150 0 50 50
100 0 50 50
125 1 25 25
101 1 25 25
125 25 25 25
101 25 25 25
150 50 50 50
100 50 50 50
0 0 100 100
50 0 50 50
75 1 25 25
87 1 12 12
75 1 12 12
87 13 12 12
75 13 12 12
51 1 25 25
63 1 12 12
51 1 12 12
63 13 12 12
51 13 12 12
75 25 25 25
87 25 12 12
75 25 12 12
87 37 12 12
75 37 12 12
51 25 25 25
63 25 12 12
51 25 12 12
63 37 12 12
51 37 12 12
0 0 50 50
25 1 25 25
37 1 12 12
25 1 12 12
37 13 12 12
25 13 12 12
1 1 25 25
13 1 12 12
1 1 12 12
13 13 12 12
1 13 12 12
25 25 25 25
37 25 12 12
25 25 12 12
37 37 12 12
25 37 12 12
1 25 25 25
13 25 12 12
1 25 12 12
13 37 12 12
1 37 12 12
50 50 50 50
75 51 25 25
87 51 12 12
75 51 12 12
87 63 12 12
75 63 12 12
51 51 25 25
63 51 12 12
51 51 12 12
63 63 12 12
51 63 12 12
75 75 25 25
87 75 12 12
75 75 12 12
87 87 12 12
75 87 12 12
51 75 25 25
63 75 12 12
51 75 12 12
63 87 12 12
51 87 12 12
0 50 50 50
25 51 25 25
37 51 12 12
25 51 12 12
37 63 12 12
25 63 12 12
1 51 25 25
13 51 12 12
1 51 12 12
13 63 12 12
1 63 12 12
25 75 25 25
37 75 12 12
25 75 12 12
37 87 12 12
25 87 12 12
1 75 25 25
13 75 12 12
1 75 12 12
13 87 12 12
1 87 12 12
100 100 100 100
150 100 50 50
100 100 50 50
125 101 25 25
101 101 25 25
125 125 25 25
101 125 25 25
150 150 50 50
100 150 50 50
125 151 25 25
101 151 25 25
125 175 25 25
101 175 25 25
0 100 100 100
50 100 50 50
75 101 25 25
51 101 25 25
75 125 25 25
51 125 25 25
0 100 50 50
25 101 25 25
1 101 25 25
25 125 25 25
1 125 25 25
50 150 50 50
75 151 25 25
51 151 25 25
75 175 25 25
51 175 25 25
0 150 50 50
25 151 25 25
1 151 25 25
25 175 25 25
1 175 25 25
200 200 200 200
300 200 100 100
350 200 50 50
300 200 50 50
350 250 50 50
300 250 50 50
200 200 100 100
250 200 50 50
200 200 50 50
250 250 50 50
200 250 50 50
300 300 100 100
350 300 50 50
300 300 50 50
350 350 50 50
300 350 50 50
200 300 100 100
250 300 50 50
200 300 50 50
250 350 50 50
275 351 25 25
251 351 25 25
275 375 25 25
251 375 25 25
200 350 50 50
0 200 200 200
100 200 100 100
150 200 50 50
175 201 25 25
151 201 25 25
175 225 25 25
151 225 25 25
100 200 50 50
125 201 25 25
101 201 25 25
125 225 25 25
101 225 25 25
150 250 50 50
100 250 50 50
125 251 25 25
101 251 25 25
125 275 25 25
101 275 25 25
0 200 100 100
50 200 50 50
75 201 25 25
51 201 25 25
75 225 25 25
51 225 25 25
0 200 50 50
50 250 50 50
75 251 25 25
51 251 25 25
75 275 25 25
51 275 25 25
0 250 50 50
100 300 100 100
150 300 50 50
100 300 50 50
150 350 50 50
175 351 25 25
151 351 25 25
175 375 25 25
151 375 25 25
100 350 50 50
0 300 100 100
50 300 50 50
0 300 50 50
50 350 50 50
0 350 50 50
400 400 400 400
600 400 200 200
400 400 200 200
500 400 100 100
400 400 100 100
450 400 50 50
400 400 50 50
450 450 50 50
400 450 50 50
500 500 100 100
400 500 100 100
600 600 200 200
400 600 200 200
0 400 400 400
200 400 200 200
300 400 100 100
350 400 50 50
300 400 50 50
350 450 50 50
300 450 50 50
200 400 100 100
250 400 50 50
200 400 50 50
250 450 50 50
200 450 50 50
300 500 100 100
200 500 100 100
0 400 200 200
100 400 100 100
150 400 50 50
100 400 50 50
150 450 50 50
100 450 50 50
0 400 100 100
50 400 50 50
0 400 50 50
50 450 50 50
0 450 50 50
100 500 100 100
0 500 100 100
200 600 200 200
0 600 200 200
