631 161
757 102
717 18
537 39
547 7
486 36
483 34
463 25
487 11
464 20
459 45
460 45
467 12
491 24
470 26
454 41
467 12
486 45
480 12
467 45
497 40
492 32
462 46
476 5
477 7
474 21
455 29
475 34
482 29
466 20
450 8
455 0
492 15
473 30
461 34
491 26
491 4
496 37
473 8
466 4
463 44
465 26
474 16
499 32
475 11
459 8
479 26
459 15
461 22
471 0
469 21
462 38
450 34
462 25
471 11
478 22
482 23
479 46
476 16
487 13
485 15
450 31
460 24
498 3
439 9
413 25
433 31
436 37
449 21
446 37
423 37
437 23
441 24
422 15
401 31
437 43
412 22
421 49
425 37
431 45
447 19
430 14
430 13
408 33
404 14
433 2
419 38
439 47
412 30
427 44
438 41
434 22
430 32
439 41
447 6
441 15
416 43
437 5
443 13
431 10
416 30
413 13
448 8
407 41
408 39
439 25
406 8
403 25
437 17
426 43
426 2
441 18
401 36
448 41
439 48
405 37
405 18
424 34
441 42
420 9
427 44
418 25
426 29
424 22
429 22
418 12
460 63
486 87
482 67
462 59
497 68
469 65
481 68
484 99
453 73
450 60
466 74
462 62
491 91
492 86
452 92
460 84
489 64
470 99
451 87
481 50
486 76
495 60
478 76
473 56
476 69
499 81
487 53
450 51
455 70
463 52
459 91
469 89
491 54
483 57
487 79
465 67
485 59
450 76
496 91
453 82
478 68
455 79
474 79
498 86
465 87
460 66
454 63
456 50
494 60
461 66
463 77
424 64
442 81
440 61
412 60
416 84
432 61
436 57
443 67
406 93
439 52
429 64
414 88
428 63
416 86
411 58
428 91
436 68
402 95
431 71
426 72
418 52
415 73
435 78
402 65
411 87
435 70
430 87
432 86
403 68
408 66
407 71
436 88
439 94
445 89
410 93
409 56
430 82
437 98
430 73
439 91
449 83
447 62
409 58
441 50
426 57
435 71
410 85
448 81
414 74
403 66
429 80
445 78
433 92
431 82
444 56
449 66
445 85
410 54
481 140
471 147
466 133
491 123
491 120
494 116
493 115
488 125
453 145
461 128
482 126
473 145
451 118
498 117
467 138
497 130
459 121
495 104
477 133
484 130
482 117
499 149
467 122
472 144
472 115
459 133
477 134
461 116
483 123
454 136
454 136
497 107
465 137
473 143
476 122
456 101
468 115
482 149
457 119
467 114
453 110
485 135
465 104
493 125
492 103
495 148
492 114
459 129
485 100
472 105
482 128
463 114
474 117
494 143
470 148
464 101
463 111
476 126
451 149
429 130
448 124
416 103
419 147
411 128
405 122
431 105
429 116
406 106
442 113
427 136
419 143
447 121
416 148
428 114
423 133
426 107
427 137
422 107
430 138
433 140
443 105
403 137
441 120
444 126
436 103
411 109
419 126
420 143
432 135
419 127
449 119
413 135
421 130
448 111
416 117
439 139
408 109
439 145
424 113
445 110
425 143
449 117
412 110
404 149
414 143
409 149
406 147
431 112
417 113
444 136
404 144
417 136
440 144
424 146
410 134
447 112
405 102
405 134
407 140
408 134
427 131
463 165
463 199
483 188
465 150
459 166
476 174
461 157
467 193
480 180
490 150
465 180
499 164
484 162
495 161
499 197
458 165
486 184
496 186
450 171
464 166
466 174
473 155
497 156
487 169
453 196
472 189
473 150
457 197
471 195
461 182
486 198
496 194
495 158
498 167
464 181
489 191
479 193
460 174
461 161
478 177
473 158
472 151
457 164
466 168
486 192
469 184
464 151
468 175
463 163
498 161
467 164
460 164
453 166
454 171
483 174
480 150
493 160
464 177
490 179
464 169
472 185
453 176
450 177
460 181
466 154
465 176
428 184
444 180
427 187
441 194
408 172
425 150
409 198
415 167
415 150
449 178
439 198
442 161
437 168
416 176
416 186
425 171
409 197
437 163
418 191
435 156
443 160
401 179
443 194
424 193
448 170
442 161
412 168
421 179
432 163
430 150
406 196
416 160
448 189
408 195
414 197
413 184
439 170
410 179
408 176
436 195
405 154
409 159
426 174
447 199
410 165
420 154
438 181
414 152
444 177
415 181
428 157
430 179
428 187
422 151
447 187
697 337
751 339
798 210
733 347
657 298
708 338
787 242
533 264
561 252
575 273
505 228
521 282
570 215
537 227
456 236
451 241
456 225
462 212
470 242
499 232
473 246
494 243
491 241
498 247
484 212
480 227
453 242
470 229
496 231
466 214
454 222
492 244
463 242
490 248
455 206
483 219
495 244
494 224
494 213
474 230
454 204
470 201
497 207
471 225
477 207
460 228
464 214
484 229
478 220
472 230
476 220
467 233
459 211
475 231
476 245
471 211
466 245
480 204
456 230
487 229
480 210
466 232
467 203
480 229
478 210
483 209
461 242
450 211
480 223
483 239
499 234
488 245
472 204
484 220
484 234
462 217
477 214
488 210
470 243
466 219
477 210
466 239
417 244
405 233
431 227
441 204
410 240
414 222
422 241
449 207
405 219
407 215
420 246
447 233
409 216
418 216
409 245
411 242
405 205
431 234
409 240
437 223
428 234
417 221
430 202
433 218
430 204
413 208
423 220
414 226
433 204
425 203
435 218
431 211
400 201
423 246
413 227
406 243
417 244
422 240
419 230
432 226
410 211
402 235
428 234
443 244
441 222
405 200
449 249
429 245
418 201
434 224
442 248
435 205
412 213
407 233
419 235
417 203
424 207
449 240
497 258
471 289
461 256
466 288
480 263
478 253
490 254
498 299
486 284
452 266
451 268
458 292
466 296
472 290
468 255
488 260
474 272
489 298
495 261
494 267
462 287
472 293
451 294
479 273
485 297
496 250
462 267
486 269
477 265
477 252
495 287
466 280
477 281
456 297
480 254
484 282
460 285
451 272
471 252
477 275
471 273
471 287
459 277
496 253
474 297
499 251
477 275
462 262
486 293
454 275
483 266
466 287
454 297
496 274
456 269
452 256
462 287
422 254
438 261
425 295
405 287
444 278
414 272
406 285
420 290
436 275
400 278
441 281
426 273
420 259
436 265
402 289
407 296
405 284
403 255
404 286
420 270
400 270
443 277
440 285
403 281
417 265
402 286
425 267
423 266
425 260
413 275
441 257
418 251
441 255
414 250
428 262
419 250
427 266
433 295
447 270
435 269
444 252
444 296
424 277
422 284
447 256
444 284
404 276
437 265
440 258
412 270
411 255
420 263
574 352
468 338
495 313
490 349
475 329
451 319
468 304
486 301
492 302
491 320
498 312
464 319
456 302
463 331
490 328
485 329
467 307
474 333
494 302
492 301
477 301
472 313
466 348
493 307
497 346
497 331
488 313
474 310
451 323
454 300
460 310
496 339
468 318
458 346
487 315
477 340
473 347
482 339
496 321
490 307
459 315
466 330
491 342
466 303
456 301
481 325
463 317
494 310
477 316
495 347
499 332
487 337
460 344
471 347
465 324
468 315
466 346
430 316
437 312
429 340
423 303
444 314
411 349
401 338
423 320
404 347
429 332
411 313
403 335
403 344
411 303
422 312
415 344
424 304
422 301
400 307
400 332
403 313
432 309
402 320
403 326
447 314
429 345
413 330
422 303
426 337
440 325
429 305
435 309
436 318
436 336
430 341
407 335
424 320
406 301
405 343
412 341
407 332
448 313
437 325
423 326
442 304
414 317
415 304
442 319
438 324
423 324
422 323
438 344
408 320
409 302
446 324
429 317
443 316
436 305
457 350
492 383
482 388
487 394
474 384
471 391
470 389
492 377
475 350
481 361
488 398
465 355
459 389
491 367
478 391
483 393
479 397
497 378
463 367
498 373
482 398
468 396
498 359
480 362
458 380
499 366
497 367
487 380
462 379
494 379
462 363
457 369
478 351
489 392
472 368
457 379
476 379
471 386
464 398
452 371
469 355
464 395
495 360
459 354
488 390
491 374
479 381
466 378
453 378
474 380
452 359
470 399
476 375
469 361
498 375
488 398
490 395
495 371
487 360
401 374
439 359
415 357
419 355
423 362
408 370
411 388
429 362
436 357
433 366
406 397
432 375
400 377
405 358
418 378
414 387
406 361
442 375
440 375
404 351
403 385
448 377
403 395
435 353
425 375
418 387
433 374
411 358
444 363
423 398
416 354
445 352
435 351
446 351
410 359
431 396
413 393
442 396
425 366
402 376
444 374
422 399
410 371
448 388
408 389
426 378
411 355
438 391
410 357
413 360
429 393
435 392
440 363
415 355
423 374
425 378
367 41
379 13
380 43
376 7
376 41
374 39
379 19
357 13
397 24
394 29
379 36
383 7
357 20
379 14
398 5
361 38
389 45
396 10
365 3
361 14
383 4
359 26
399 43
394 47
396 8
383 16
354 42
352 9
364 36
382 45
353 36
388 26
391 12
393 9
352 40
381 15
376 16
366 6
367 5
397 20
386 43
395 49
383 21
371 48
372 39
392 26
350 15
359 29
386 47
354 40
371 48
368 10
365 46
383 8
398 38
398 24
320 5
335 37
336 30
324 34
329 39
343 44
317 36
331 4
318 30
343 25
345 21
340 13
337 4
333 41
301 31
347 31
306 39
311 2
329 6
309 27
317 31
337 18
327 44
312 0
327 43
324 32
314 26
314 47
317 30
347 8
316 48
307 5
327 45
330 5
337 36
327 49
325 22
302 4
301 37
301 6
302 32
307 22
301 20
317 22
324 15
327 43
386 92
386 77
366 51
381 63
384 95
373 66
388 96
378 62
388 67
399 77
369 67
399 84
376 77
355 92
350 82
373 61
363 72
389 95
372 90
388 68
358 81
376 69
370 80
388 51
386 68
370 90
372 68
386 69
361 89
351 56
372 90
398 97
367 67
392 69
398 63
388 85
393 77
380 86
364 69
383 77
394 79
380 72
386 67
393 51
394 64
354 55
379 91
394 95
375 76
371 56
393 90
391 98
393 88
391 65
380 84
354 66
391 72
360 99
396 94
370 55
373 51
365 86
352 83
358 63
372 95
306 92
302 57
324 97
330 69
320 76
325 99
315 77
319 82
349 81
306 61
343 51
329 86
307 70
333 79
324 94
302 64
318 98
330 53
303 91
313 82
313 91
315 85
348 96
311 86
348 59
300 97
312 56
302 53
303 95
305 69
319 99
316 66
336 56
301 86
317 69
349 53
303 51
347 80
303 75
321 86
301 95
345 63
348 73
338 70
312 73
334 51
341 51
341 84
309 65
314 90
340 68
300 50
325 58
326 72
344 61
302 86
300 59
311 89
340 85
309 69
341 94
317 61
334 51
261 12
263 29
262 48
276 43
255 6
252 21
282 25
290 48
268 40
251 11
291 17
296 32
253 27
285 39
250 5
258 1
261 26
285 46
275 44
273 3
281 35
253 34
283 48
296 4
285 23
252 10
298 11
254 9
292 27
296 10
254 17
293 40
253 33
252 37
270 25
292 38
299 44
264 28
275 21
262 38
259 17
262 21
263 19
267 7
296 33
273 38
250 48
285 23
271 49
271 29
264 0
290 31
255 45
280 23
295 20
297 21
297 11
299 39
269 42
270 14
262 19
287 35
258 10
267 19
259 47
258 0
278 34
267 45
290 5
270 47
253 21
254 30
260 24
269 23
274 27
265 42
267 34
266 4
278 39
274 13
288 19
288 12
299 7
253 5
265 5
284 42
289 48
267 35
273 1
298 20
254 48
274 23
281 31
299 33
247 29
225 21
216 9
213 19
210 35
221 49
223 9
244 45
207 23
226 35
214 20
205 25
234 19
217 15
236 16
204 44
200 47
220 22
234 0
249 28
236 44
234 9
247 24
205 17
249 2
248 0
224 31
212 13
210 20
230 39
229 49
209 22
217 43
240 3
238 40
202 36
207 26
233 42
218 49
249 48
213 4
224 45
245 27
213 36
207 14
226 32
221 6
242 14
206 3
216 28
226 13
213 12
222 16
245 13
244 9
211 18
217 5
212 39
201 41
219 28
213 33
208 0
200 3
228 9
207 43
249 49
236 43
219 42
245 49
206 15
234 6
225 38
203 22
213 7
238 16
243 41
237 19
225 40
231 40
203 33
245 5
227 31
208 44
208 9
246 47
243 19
210 12
231 26
245 28
207 15
230 22
203 16
249 32
217 49
258 99
283 93
278 90
285 58
267 64
294 51
259 88
267 60
269 77
252 76
279 57
295 59
257 99
283 84
289 99
287 60
256 95
291 51
288 81
288 82
273 58
254 87
292 66
285 62
298 54
298 84
254 87
273 58
295 82
279 51
250 56
265 54
258 85
265 67
281 96
287 77
261 75
269 56
263 85
285 60
264 57
292 51
266 96
273 63
280 86
265 85
280 93
290 93
273 83
295 74
268 81
275 55
271 89
263 50
282 54
277 85
264 88
277 71
286 56
263 80
257 82
294 97
260 56
290 96
273 75
252 52
272 65
283 55
290 58
267 88
291 67
298 82
272 68
252 64
263 61
256 93
273 74
274 90
284 73
285 94
296 60
254 89
277 62
264 71
201 82
219 72
244 89
210 61
200 70
235 91
241 71
222 95
247 92
212 59
232 81
220 87
241 69
240 51
212 80
200 58
239 95
243 80
227 66
219 91
214 62
219 62
230 88
237 78
207 85
248 57
227 61
223 73
230 50
236 90
235 62
223 67
235 59
230 51
227 76
211 91
227 70
208 87
216 74
200 57
224 67
237 50
233 67
218 74
212 57
222 64
234 81
212 61
240 76
214 67
202 82
240 52
238 90
246 88
232 51
238 71
225 70
225 76
209 69
242 94
209 54
234 80
200 91
236 51
204 93
208 56
238 80
202 82
222 77
233 80
238 52
242 72
213 85
223 88
247 77
201 50
240 68
212 50
224 78
209 72
237 86
225 81
234 76
200 87
245 81
241 68
238 78
240 89
232 55
203 84
241 70
220 61
205 77
213 93
226 59
241 88
248 84
377 137
380 126
350 148
399 131
366 145
378 110
373 149
385 123
384 146
382 119
354 121
363 119
367 134
384 129
386 131
365 148
363 148
369 147
369 114
387 120
356 110
361 107
380 134
398 121
379 127
372 146
352 143
380 136
363 129
356 124
365 143
393 105
392 107
391 105
366 100
388 103
398 131
385 116
363 120
365 130
385 134
354 124
372 102
378 106
358 103
384 122
375 102
362 117
385 114
368 111
363 127
357 131
358 103
376 111
359 102
362 106
375 140
360 126
393 119
357 118
377 127
374 147
366 137
373 117
350 121
379 144
399 126
349 124
307 102
328 142
342 107
315 120
343 149
321 112
342 122
349 106
338 129
302 146
337 137
327 147
338 129
340 122
338 109
308 125
324 139
330 108
329 135
328 129
338 102
342 101
305 102
338 108
303 124
322 136
315 112
343 113
307 144
342 131
337 135
318 100
306 122
301 141
304 110
300 149
325 119
322 110
322 130
309 140
337 145
309 146
334 101
323 147
346 149
322 118
313 147
331 118
310 101
317 102
339 144
337 136
319 138
342 120
304 119
305 119
325 146
305 120
341 141
328 133
317 139
336 140
321 137
327 100
342 126
334 141
307 138
333 121
310 115
356 171
398 186
367 171
359 178
363 180
355 166
373 178
380 151
366 199
360 155
356 197
380 177
362 189
370 167
357 195
356 169
359 190
378 167
365 185
372 178
395 195
391 194
391 182
354 196
363 175
393 168
396 157
377 163
374 186
391 177
370 160
353 176
353 153
396 165
385 169
360 180
380 150
377 192
373 169
359 187
395 185
365 176
390 174
352 190
388 160
353 188
388 155
359 195
355 157
361 183
300 173
333 188
300 180
340 178
346 158
314 190
324 179
347 175
322 189
306 165
326 180
342 192
346 195
344 164
304 163
322 181
341 196
323 159
321 186
333 164
330 164
333 159
307 182
331 183
301 193
309 150
326 157
339 192
345 191
321 195
308 159
331 185
323 173
329 194
302 187
336 173
321 172
337 188
342 157
309 173
334 190
311 168
343 180
300 193
337 184
314 156
324 192
313 195
346 177
305 163
342 151
310 182
308 194
303 169
338 189
343 198
324 199
304 193
321 181
343 154
281 107
269 128
252 126
268 105
290 114
255 130
260 101
259 122
293 128
252 118
268 147
265 129
264 121
252 114
250 140
258 138
279 100
272 122
261 129
297 146
250 110
266 106
285 120
285 138
292 109
295 131
251 119
280 146
289 137
283 113
260 113
253 136
262 119
256 135
262 131
250 117
276 130
262 119
250 134
262 110
295 102
289 115
292 100
287 122
285 114
277 128
291 149
288 144
274 111
270 140
264 123
292 116
276 115
260 124
277 133
299 105
293 140
255 123
293 140
281 123
253 140
298 102
252 109
270 111
265 142
274 126
251 101
251 107
275 101
263 127
288 136
275 146
265 113
257 101
239 121
242 104
239 111
235 123
231 117
239 100
247 103
241 118
246 123
245 123
234 124
249 109
245 113
234 104
228 107
228 113
238 118
225 111
232 105
247 113
241 105
225 101
239 112
228 111
226 119
215 111
216 108
215 120
201 101
206 113
214 115
210 122
214 123
212 107
204 119
208 118
201 111
204 122
214 123
202 117
211 119
217 118
215 119
205 103
202 110
200 103
211 103
216 122
215 103
219 104
239 125
246 146
243 149
237 125
236 133
245 142
237 127
240 126
238 142
230 131
235 147
249 142
236 142
239 135
237 133
244 137
248 134
226 127
233 147
239 125
246 128
235 135
231 129
225 145
221 143
208 134
221 136
221 136
223 142
218 126
208 149
215 136
213 139
210 136
208 138
215 138
218 144
219 144
208 134
216 125
210 134
213 138
221 149
221 130
205 147
208 133
224 139
218 126
215 138
221 128
214 139
223 140
206 146
220 131
200 129
201 128
219 134
281 160
287 150
284 159
296 165
287 159
295 150
288 168
278 170
287 152
298 155
297 167
299 155
291 154
296 166
278 153
282 152
282 167
296 173
296 156
281 156
277 158
291 159
282 159
298 152
285 158
287 156
290 150
276 163
299 168
297 168
277 153
284 173
271 153
270 169
260 157
260 150
260 162
265 157
251 172
272 174
258 153
252 155
268 158
269 151
260 163
261 156
254 172
254 158
253 160
262 164
272 155
264 168
269 162
259 162
272 157
254 160
294 193
291 189
275 180
297 185
295 195
295 185
278 193
287 196
298 196
278 181
282 175
283 186
282 199
292 195
278 195
298 183
279 189
279 198
277 187
296 196
294 189
275 178
280 181
277 184
279 199
288 194
269 178
264 190
268 188
267 181
252 192
268 191
270 194
253 184
274 195
260 188
261 188
268 193
265 178
272 195
258 196
251 192
267 180
258 191
254 186
259 197
259 195
258 196
252 185
250 186
222 160
247 181
217 167
211 197
246 197
231 154
219 158
227 183
219 168
233 158
232 161
200 170
231 168
248 169
237 155
220 195
241 181
203 159
231 178
228 159
242 156
200 171
207 155
209 198
217 193
231 181
205 177
233 171
229 161
243 165
201 172
221 151
217 152
207 166
249 181
225 188
235 180
201 162
247 193
223 155
200 167
231 153
220 165
239 197
225 150
209 174
234 170
226 153
202 199
238 156
220 189
235 193
207 188
207 193
241 180
242 151
202 197
240 178
216 193
237 152
206 178
228 169
207 159
202 174
228 153
208 170
204 198
216 180
221 155
201 159
226 168
249 153
220 162
240 172
241 157
207 157
233 175
216 179
215 155
203 173
223 164
238 164
222 154
246 173
222 155
212 176
219 198
203 158
193 8
151 31
187 25
191 4
185 15
199 14
184 41
152 18
197 32
183 7
189 6
190 1
160 33
192 1
151 32
194 49
154 23
178 11
159 7
160 42
194 7
194 36
174 19
172 23
186 22
175 7
185 17
175 40
195 1
163 28
179 48
164 39
163 10
156 41
177 32
199 40
154 7
176 38
152 25
154 16
172 29
176 45
185 37
166 38
177 8
151 6
160 15
196 10
183 37
179 22
181 46
159 41
196 25
199 29
153 40
164 48
167 25
169 31
167 48
181 35
184 13
195 18
158 4
181 47
161 17
169 6
180 42
151 36
186 9
180 35
194 21
188 23
196 12
153 41
157 16
165 37
160 19
178 15
192 20
172 2
152 19
191 24
185 8
151 30
174 8
162 8
177 31
144 14
136 24
139 0
146 10
128 21
138 22
140 23
147 18
127 9
144 9
126 8
135 12
136 21
143 19
147 19
149 19
131 10
148 15
134 18
138 18
136 14
127 12
133 14
148 8
132 22
143 4
103 1
111 21
114 5
115 15
104 22
114 15
110 20
106 1
117 2
111 18
115 4
116 15
104 18
119 21
107 4
100 13
123 9
113 23
102 6
106 5
101 10
122 17
123 3
136 45
130 35
131 32
145 39
144 37
135 28
142 30
142 38
145 34
146 43
132 36
137 44
140 49
135 47
142 27
144 34
147 41
132 25
145 43
146 49
139 29
125 28
141 29
144 41
129 47
145 40
140 46
146 26
149 31
124 31
111 45
124 38
102 26
103 28
104 37
120 40
113 42
115 35
119 48
105 34
118 38
115 28
105 43
122 26
112 34
121 29
122 42
111 31
118 42
108 29
104 46
122 29
113 47
116 44
154 86
160 73
154 54
172 90
189 60
173 50
197 70
179 75
194 65
154 71
171 79
198 50
188 61
181 90
161 64
179 98
173 89
173 51
167 77
170 98
182 85
188 50
195 75
176 76
179 77
165 73
197 55
178 67
157 62
176 72
179 71
174 52
168 50
156 67
153 90
152 91
151 82
194 60
187 52
178 54
155 71
172 93
171 60
178 88
164 70
187 66
160 51
181 69
169 96
161 90
150 59
152 72
179 93
157 93
193 81
164 82
179 80
151 94
189 59
183 81
193 95
162 56
194 81
170 58
186 51
187 92
170 69
165 66
191 90
162 87
158 80
187 58
153 99
168 81
199 56
179 69
157 54
186 99
187 75
152 78
195 90
178 74
192 94
158 61
162 68
186 53
183 90
152 70
173 78
150 74
196 72
173 85
192 85
196 87
128 76
100 74
115 69
106 62
115 99
110 57
104 64
132 83
101 69
126 52
140 96
110 60
116 70
145 77
129 50
123 70
109 88
136 75
140 86
139 72
106 91
110 89
133 63
128 79
134 66
111 78
135 58
104 76
142 60
134 93
124 97
121 62
107 78
133 97
125 52
106 98
123 75
128 92
119 54
106 87
117 98
102 66
149 50
148 74
113 52
120 53
117 51
114 73
117 97
102 79
112 77
106 72
146 58
146 61
110 61
137 91
147 62
120 99
112 68
127 61
148 77
117 65
137 67
128 51
144 57
112 77
139 94
103 70
122 96
135 55
141 60
120 64
120 73
138 55
100 75
101 65
113 61
135 52
114 95
108 85
102 57
109 93
100 59
122 90
136 90
113 54
138 83
133 74
111 74
110 92
148 59
129 98
94 6
88 7
96 10
92 7
99 5
91 8
89 6
89 12
94 4
89 6
96 6
89 12
92 10
93 1
93 8
89 11
89 2
95 9
99 4
95 10
87 8
93 9
92 3
96 9
91 11
94 12
87 9
94 8
89 12
93 8
95 12
88 2
97 2
94 2
99 0
91 12
92 12
90 12
97 4
94 11
95 5
95 3
95 6
94 1
91 9
95 6
94 5
97 4
92 12
93 11
99 9
79 11
78 0
79 7
75 6
85 2
82 8
86 9
80 8
81 10
83 5
79 3
81 3
80 10
79 11
75 2
79 9
83 3
78 10
86 6
82 7
80 4
86 10
80 10
79 8
78 5
81 9
80 11
98 22
97 13
89 15
95 20
88 24
87 21
97 21
99 23
93 18
96 18
88 20
94 16
97 20
96 20
90 16
92 23
96 20
87 22
91 21
91 13
91 19
96 21
88 15
99 15
98 14
94 18
94 20
95 13
95 22
89 21
91 23
88 14
95 21
88 17
89 20
96 21
90 14
93 20
91 24
75 24
86 24
84 15
82 16
82 15
86 13
77 21
85 21
84 19
80 14
78 23
77 21
85 24
77 21
76 20
80 13
78 21
80 24
81 20
77 15
86 21
75 24
80 22
74 1
63 5
69 0
74 9
70 11
67 3
66 0
74 10
70 6
66 8
70 10
66 5
69 2
64 9
63 3
73 12
73 0
73 0
71 10
66 9
72 4
74 0
74 12
70 12
63 11
64 7
74 4
64 9
72 11
67 2
69 8
72 12
68 2
61 7
55 2
50 2
60 7
59 6
51 8
52 3
57 10
62 2
59 0
62 1
56 7
61 8
56 6
53 2
50 11
60 7
59 8
55 2
57 1
54 4
60 11
61 2
56 10
58 5
57 11
53 3
59 1
51 1
50 8
56 4
53 9
52 5
61 4
54 5
51 7
56 2
55 6
55 2
54 0
56 1
59 0
51 5
53 6
53 3
51 6
59 10
57 11
60 3
58 2
54 7
53 3
50 7
58 8
62 2
55 6
55 3
53 4
53 4
57 12
65 23
71 21
66 16
65 17
63 19
64 21
64 16
71 24
72 18
63 17
70 23
71 14
72 24
74 17
70 22
71 24
72 21
68 20
64 17
68 16
72 23
65 16
73 17
66 19
68 24
73 16
72 22
74 18
65 24
71 22
74 17
64 13
63 16
64 17
64 15
67 15
66 13
61 20
56 23
57 22
59 23
59 23
53 18
58 18
61 18
54 21
60 17
59 14
60 24
53 15
56 17
59 16
52 18
62 20
60 21
50 16
62 19
62 23
59 13
57 17
55 20
52 14
50 23
59 24
58 17
54 16
53 21
57 23
54 18
56 23
62 23
62 13
57 24
58 22
60 15
96 27
92 34
96 29
88 28
87 26
91 34
90 31
89 27
99 27
96 32
93 27
91 30
89 33
96 36
99 32
91 26
93 30
92 36
94 35
99 27
90 32
89 26
98 30
96 28
90 25
99 32
98 25
93 32
91 35
89 35
89 33
88 26
97 33
76 25
78 31
79 32
80 33
81 26
86 26
78 36
82 29
80 32
83 35
79 31
82 27
80 34
78 29
85 31
83 30
86 28
83 31
78 25
84 35
75 27
79 30
75 26
79 28
84 36
79 31
83 35
86 30
86 32
76 29
80 25
84 33
76 33
80 25
86 25
84 28
86 33
84 34
86 33
85 30
83 26
98 43
89 42
98 46
94 45
99 43
99 37
93 47
95 39
87 49
88 40
94 43
98 41
87 38
98 49
96 40
93 45
94 44
95 48
96 41
91 49
89 45
87 38
87 37
87 38
91 41
97 38
92 48
91 49
90 45
88 49
94 49
88 49
91 49
95 39
90 39
75 45
81 38
78 42
84 48
82 41
79 43
84 47
75 42
84 48
77 42
81 37
78 38
76 37
80 48
75 47
75 47
83 38
76 39
77 44
82 37
79 38
75 49
86 49
85 46
78 48
78 47
81 37
80 41
83 39
86 42
84 37
81 40
85 44
84 41
81 48
81 38
84 43
78 39
81 40
82 37
83 40
84 46
75 38
84 46
85 42
79 40
75 42
78 42
64 28
72 35
74 25
63 36
64 35
73 26
67 31
74 29
71 28
65 25
73 26
71 33
67 29
65 28
65 32
64 36
68 25
67 33
63 30
65 36
64 28
69 25
69 27
73 28
64 35
72 32
68 25
65 29
68 25
63 31
64 34
65 32
66 33
68 33
66 28
63 28
73 26
74 29
68 27
66 32
71 31
64 35
65 30
73 25
70 35
63 28
65 35
70 30
71 25
61 35
53 32
60 25
58 27
54 30
61 26
54 30
52 36
60 30
56 31
61 30
51 25
53 29
50 31
59 32
61 27
54 34
55 32
58 35
58 28
51 35
50 33
58 30
56 29
59 27
52 32
61 27
51 30
53 32
53 29
58 35
56 29
50 27
62 34
50 30
56 26
66 39
72 39
68 47
68 39
70 40
67 41
69 47
68 46
67 38
73 40
64 41
64 49
63 45
71 39
68 47
69 38
71 39
69 47
67 40
65 42
71 38
72 40
69 47
70 40
69 41
64 42
69 48
66 43
71 49
68 48
65 41
65 48
74 39
70 44
71 44
72 44
74 43
71 42
67 46
73 41
74 44
73 46
74 40
70 46
63 45
68 37
56 48
55 39
56 43
55 37
62 39
57 44
53 46
50 47
58 48
62 46
50 42
53 37
62 42
61 44
50 46
54 48
51 44
51 46
58 42
57 45
61 46
55 41
62 48
62 48
53 42
56 48
52 48
61 47
57 43
56 49
57 39
55 37
58 45
51 37
60 38
50 39
59 49
45 5
40 5
44 1
49 7
44 3
38 11
40 9
46 5
41 0
42 6
38 4
38 10
42 8
49 11
41 4
46 3
41 9
47 12
45 2
43 9
45 12
42 12
44 4
37 4
49 3
47 12
45 3
40 5
39 11
48 5
40 6
38 10
42 5
37 10
39 6
39 7
41 0
45 6
30 10
36 1
30 12
31 0
25 11
33 9
27 7
36 11
30 7
30 11
29 11
30 9
30 4
33 5
34 7
28 1
34 9
32 11
30 12
35 1
26 11
27 3
29 0
35 2
27 6
25 10
25 11
34 1
27 8
26 3
32 12
35 10
26 10
25 5
31 6
31 8
28 7
41 23
41 22
38 13
41 21
38 24
45 20
49 13
38 23
39 18
45 22
42 20
41 22
47 17
45 19
41 20
41 16
48 20
40 24
43 24
42 13
37 19
40 22
38 14
44 13
42 14
41 24
49 17
44 21
44 13
49 18
38 18
47 19
45 16
48 24
47 16
41 21
37 20
40 16
36 17
36 17
31 21
33 16
35 21
30 24
35 23
32 22
33 21
32 14
35 22
30 16
27 23
27 17
30 18
36 16
29 18
33 21
33 14
28 16
32 17
36 21
25 19
32 14
31 17
35 23
36 17
36 13
25 22
25 18
29 22
34 19
28 17
25 16
30 22
21 0
19 7
13 7
23 4
20 6
21 5
22 4
23 10
18 0
16 3
18 10
24 11
14 4
20 2
24 1
17 5
22 6
17 9
24 1
19 8
16 12
19 6
20 12
18 8
24 3
13 11
19 3
21 10
22 11
13 8
22 9
14 10
19 1
24 9
14 9
19 4
15 9
4 12
6 0
3 2
7 1
5 2
7 5
7 11
12 9
10 1
8 11
4 0
12 7
7 5
5 12
8 0
12 4
3 7
11 10
1 3
10 10
2 4
11 0
7 7
9 6
2 9
12 4
3 1
10 1
6 7
7 4
1 11
8 9
10 8
10 0
12 0
7 6
11 9
8 10
0 12
1 12
1 2
2 0
5 7
11 12
12 12
3 4
11 3
13 22
17 19
20 21
18 17
23 13
22 23
13 16
13 18
16 15
23 17
14 24
15 20
23 16
21 24
23 21
18 14
22 23
21 21
19 19
16 20
23 18
21 20
13 22
15 13
23 24
15 13
17 24
20 20
14 14
13 13
16 22
17 14
13 14
23 16
23 13
16 23
22 19
24 16
15 24
21 19
3 18
11 14
11 23
2 19
2 22
8 21
11 17
9 20
10 19
0 16
5 19
11 19
8 15
4 20
3 18
5 19
8 24
4 16
10 19
9 14
5 14
7 14
4 14
6 21
7 24
11 18
1 13
7 18
3 17
11 13
0 23
1 18
1 24
2 20
5 24
4 15
3 15
5 23
7 18
4 17
0 23
2 20
5 21
2 22
10 18
46 31
37 27
48 27
44 32
49 33
44 32
39 33
44 36
38 36
41 25
38 29
38 35
40 26
40 28
39 33
41 36
46 28
44 29
42 25
38 25
41 26
40 26
37 36
43 28
45 35
42 35
49 36
46 25
40 29
45 33
39 34
47 30
48 34
42 36
41 28
49 31
49 33
30 36
27 28
33 33
27 25
35 28
29 27
29 28
29 29
27 36
35 34
32 35
27 29
26 34
32 30
29 30
33 36
25 32
31 29
31 33
35 25
35 25
36 30
29 35
33 29
31 33
34 26
31 30
35 33
36 36
29 29
33 33
28 36
26 26
33 27
34 30
47 41
49 38
47 39
46 41
41 47
38 48
45 44
47 40
39 42
48 39
49 40
40 44
46 47
47 42
46 40
48 42
44 45
43 40
37 48
43 42
45 48
45 49
45 47
40 37
41 38
46 42
40 43
42 45
43 48
47 37
45 40
40 44
39 38
41 42
47 38
47 42
43 39
47 38
38 45
45 44
44 46
49 37
45 44
42 49
47 41
48 40
42 38
28 40
34 38
32 49
36 37
30 39
35 48
36 48
25 43
31 48
32 44
26 37
27 43
33 42
31 39
35 44
36 43
26 37
29 39
33 47
36 48
36 48
26 42
25 40
34 47
32 49
26 49
30 46
31 40
33 48
34 45
26 46
35 37
33 49
34 37
23 28
20 31
23 27
20 34
18 33
21 26
14 26
23 35
14 30
19 30
20 25
16 36
16 25
16 36
22 34
22 28
19 29
17 25
17 27
16 26
16 28
16 32
20 28
14 26
20 25
24 34
19 36
22 29
21 29
24 28
20 35
14 31
17 35
23 35
17 31
17 36
21 28
3 27
5 35
0 30
12 31
0 25
10 36
8 33
0 34
6 36
2 25
9 36
1 32
11 26
12 34
6 35
4 25
10 32
5 36
12 26
12 26
12 34
7 26
11 35
1 31
11 29
12 33
0 30
5 34
8 32
12 28
9 30
2 28
2 34
3 34
2 27
2 27
21 44
22 37
16 43
21 42
23 41
13 49
24 40
23 38
18 40
24 40
13 43
21 38
21 48
24 48
20 38
22 41
18 37
24 38
18 46
22 39
18 47
18 43
14 38
23 46
24 45
21 38
23 47
15 37
18 38
14 40
17 45
21 48
24 44
16 42
24 39
21 48
18 37
24 41
23 42
15 44
23 40
20 48
22 43
13 43
21 45
14 49
8 43
1 45
9 43
9 46
1 43
5 42
11 43
8 48
8 40
9 38
1 38
1 48
2 41
4 43
4 39
6 39
11 38
11 49
0 49
0 45
2 44
3 43
9 41
10 44
4 40
5 46
12 42
12 49
9 47
4 44
6 45
11 47
8 48
6 42
5 39
3 41
12 46
6 44
2 43
1 40
2 39
10 47
9 46
10 45
99 62
90 55
96 58
96 55
90 59
95 55
94 50
95 57
88 62
92 50
92 54
97 62
95 59
99 54
88 54
88 58
92 60
98 50
90 59
95 55
93 52
95 54
98 52
98 55
90 59
88 61
89 54
98 59
90 54
89 53
91 61
99 54
92 60
91 62
87 58
96 50
91 58
88 54
91 62
96 58
93 58
87 61
99 53
98 62
92 52
87 54
96 61
77 58
79 57
80 53
86 58
86 58
83 54
86 61
82 53
77 50
77 52
84 60
77 52
76 58
83 52
77 56
83 56
80 62
76 51
78 52
81 60
85 55
79 57
84 54
75 57
79 54
84 62
78 58
86 61
79 51
79 52
79 53
82 57
81 56
84 58
86 56
83 61
98 66
91 63
99 72
92 63
94 73
97 71
89 71
96 67
98 70
99 65
94 64
98 73
96 72
93 65
98 66
95 70
93 65
99 74
93 73
99 64
98 66
87 66
91 65
96 67
89 69
97 71
93 69
87 66
89 69
89 72
91 68
94 71
92 71
94 69
83 69
81 69
81 66
84 67
86 68
82 72
77 70
84 71
78 67
75 66
77 71
75 63
78 72
82 67
82 63
77 73
76 74
84 70
83 71
84 63
82 66
77 68
75 67
79 72
83 63
85 67
82 74
86 71
76 63
85 74
86 69
83 73
80 67
82 73
79 65
75 68
78 71
69 55
71 61
70 51
65 61
69 59
71 58
74 61
65 56
72 60
66 61
68 62
64 57
71 58
63 53
72 60
70 50
64 52
68 58
68 53
73 51
65 56
69 55
64 51
73 57
65 60
63 62
72 58
69 55
65 51
73 50
67 52
67 59
67 58
68 53
70 52
66 62
68 57
63 61
74 61
64 51
74 52
71 50
63 53
54 57
53 57
58 62
56 56
62 58
60 57
59 55
50 54
62 57
55 58
60 53
62 61
59 61
54 62
52 61
57 61
56 61
58 55
56 51
56 54
61 57
52 56
57 54
56 61
51 61
50 57
53 59
52 51
62 59
52 56
61 51
60 54
56 53
56 59
62 55
59 54
54 57
61 54
55 50
54 50
54 59
74 68
63 69
74 65
73 73
66 68
69 67
72 68
65 71
66 73
74 67
72 74
70 64
70 71
68 70
66 65
65 68
66 70
69 65
70 70
69 68
70 64
71 64
73 66
65 71
63 67
74 72
68 64
68 68
72 64
71 67
70 63
70 63
66 69
63 73
63 72
69 64
63 71
72 64
73 71
72 72
72 63
66 71
66 73
66 69
63 73
57 74
57 74
54 71
53 67
51 72
53 74
62 67
53 74
56 72
54 63
62 67
56 74
55 64
53 70
51 66
52 68
60 72
52 65
51 66
51 71
61 63
52 64
57 68
55 72
53 69
59 69
51 73
58 73
62 74
58 64
54 65
61 72
54 66
51 72
55 72
60 73
58 69
56 74
56 70
53 68
59 63
58 63
53 65
59 67
61 70
98 78
92 85
99 85
98 82
92 84
91 86
94 77
99 76
91 86
89 78
90 81
96 77
93 79
91 75
92 82
95 82
88 81
89 81
92 80
87 83
98 77
87 78
92 77
90 79
90 80
92 79
88 83
96 78
97 80
93 80
89 79
79 85
75 75
86 82
75 81
77 82
78 78
81 82
80 86
82 79
81 86
82 78
85 77
77 78
86 85
76 85
82 82
84 86
86 82
81 86
80 82
77 80
75 86
85 83
83 80
76 86
81 82
82 80
83 78
85 80
85 79
78 86
82 81
86 78
76 85
77 77
76 75
93 92
89 95
94 92
89 97
99 92
94 90
96 95
87 87
88 88
98 90
89 90
92 87
90 99
93 99
87 92
99 96
93 89
94 94
89 92
91 88
91 90
92 97
90 94
88 94
97 92
88 94
93 97
88 91
87 97
89 95
97 91
87 93
91 97
90 93
87 90
95 94
95 91
88 99
90 94
90 88
92 88
99 89
92 92
92 93
94 89
97 91
82 91
83 92
77 99
80 94
85 93
82 88
80 99
76 99
76 92
81 94
78 88
76 87
76 99
79 97
80 91
76 97
75 95
82 94
81 97
86 94
82 88
84 90
86 90
81 94
86 97
75 89
84 89
86 92
81 96
85 91
86 93
86 96
80 95
75 98
75 87
86 97
81 97
82 98
84 90
82 93
78 87
81 94
78 99
69 77
64 80
64 80
68 78
71 81
68 83
63 86
74 82
69 82
72 76
63 80
63 79
69 75
70 84
67 79
67 81
64 81
64 83
72 80
66 84
74 86
66 86
68 75
70 77
71 76
63 84
63 78
71 83
64 85
71 83
63 86
70 76
65 78
64 80
70 76
71 76
69 83
73 79
70 78
69 77
67 84
74 76
67 79
69 81
59 77
55 79
50 84
62 80
53 86
50 76
54 77
57 79
62 84
51 77
53 86
56 85
60 82
62 83
55 75
56 79
61 86
56 80
54 81
51 85
53 81
54 83
56 82
52 79
62 81
51 83
57 80
55 76
56 80
62 86
53 82
71 95
73 93
66 88
64 99
71 89
63 88
67 90
74 87
74 97
68 89
63 99
68 88
63 91
74 94
73 91
73 95
65 97
71 97
67 91
64 96
67 89
65 89
63 91
66 91
73 95
63 88
74 90
63 96
72 97
70 89
74 94
66 97
65 96
55 98
62 88
52 89
55 97
62 94
51 87
59 92
60 94
55 93
52 93
58 97
50 92
61 95
59 94
60 96
53 99
52 96
54 93
61 89
57 98
58 95
60 95
61 96
58 99
59 88
59 92
58 96
54 89
57 90
51 99
59 88
60 90
61 90
62 99
54 95
56 94
53 88
62 90
56 99
60 94
62 89
60 95
60 87
62 96
53 89
48 56
42 61
39 57
49 62
37 55
38 59
48 58
44 55
46 61
40 54
44 55
44 53
46 53
38 62
43 53
43 61
37 58
48 62
39 52
41 56
41 59
37 50
46 60
43 61
39 52
48 62
48 60
44 58
37 56
43 58
41 59
40 59
44 52
49 60
45 52
42 57
44 51
48 60
47 53
45 55
45 60
39 53
42 50
49 54
47 62
49 51
45 51
45 51
47 55
37 61
31 60
25 58
33 59
36 50
29 50
34 54
28 60
30 62
29 59
36 54
26 50
31 56
27 51
34 54
30 52
27 55
25 58
29 61
26 52
29 62
26 51
25 56
30 58
36 55
29 60
28 62
25 62
36 58
29 58
25 54
34 51
31 58
27 60
32 50
37 72
37 72
44 71
38 64
47 72
45 65
40 68
49 65
41 73
39 69
40 67
48 68
49 63
45 69
48 66
45 66
39 66
48 68
40 67
42 63
46 71
48 70
47 67
44 63
45 66
46 70
43 72
42 70
44 63
38 66
48 69
46 66
47 70
39 73
42 64
38 71
39 70
49 72
48 65
45 69
40 69
40 74
40 69
40 68
48 72
49 66
32 72
36 63
35 70
33 70
25 65
34 68
28 66
28 70
25 69
33 66
26 64
29 66
35 65
33 69
27 74
31 71
32 69
33 64
36 66
36 74
26 71
35 69
33 73
33 71
29 73
29 64
33 74
26 66
30 66
32 70
31 64
26 74
25 66
34 65
28 69
25 65
33 74
35 66
30 74
32 63
34 68
32 64
27 70
32 73
26 71
36 68
26 71
34 67
34 74
34 68
33 71
36 68
32 65
27 74
26 72
27 71
36 66
27 68
19 59
17 57
17 53
24 62
22 51
15 59
18 58
22 56
24 51
21 57
23 50
16 57
24 62
14 52
22 58
16 53
24 60
16 58
22 52
24 52
18 54
22 62
14 51
17 61
14 50
19 55
22 56
18 56
18 62
23 53
19 55
20 56
19 52
13 61
19 52
15 54
14 57
21 57
21 50
16 58
14 53
20 55
19 51
21 56
5 62
5 57
7 50
4 52
5 58
1 59
1 51
8 56
5 54
4 60
4 53
6 61
3 56
4 58
0 61
9 59
8 52
1 51
1 55
9 59
4 51
0 59
7 50
9 56
9 60
0 55
7 54
7 54
3 50
1 62
10 60
7 54
11 53
5 52
4 50
5 59
7 57
21 63
22 71
13 68
16 68
16 63
14 66
21 69
16 69
23 65
14 71
20 63
14 71
16 70
15 63
17 69
21 67
16 63
18 71
13 66
21 66
24 67
17 74
23 68
23 71
24 64
17 74
21 74
17 65
20 72
13 67
24 72
22 74
22 71
16 65
15 64
17 71
19 70
17 73
14 74
13 72
20 72
18 72
15 70
10 73
8 72
5 63
10 70
0 71
12 67
0 68
7 63
0 63
12 66
1 72
12 71
10 74
8 67
11 68
6 72
3 65
9 74
10 66
9 67
1 69
5 65
8 64
1 63
2 68
10 65
4 73
6 65
4 72
7 68
7 65
3 65
4 69
4 73
10 67
9 64
43 83
45 81
46 83
38 75
49 76
42 86
48 81
49 85
41 77
46 83
41 85
48 80
43 80
44 82
38 76
40 78
43 85
40 80
37 75
42 75
46 75
44 79
48 84
44 82
37 81
47 81
37 86
38 82
37 85
41 83
37 78
46 84
41 84
40 78
47 84
40 82
49 80
44 83
31 84
28 78
29 77
30 85
26 79
26 79
26 77
31 81
32 85
27 86
28 75
28 84
36 79
28 80
29 80
29 84
29 77
35 81
32 82
25 75
27 83
33 77
31 75
25 78
29 79
25 86
26 80
34 84
35 86
30 77
35 79
31 82
36 79
25 86
32 78
29 79
28 80
41 96
40 97
48 90
44 91
40 91
37 88
43 96
41 98
41 95
45 90
39 90
44 99
43 96
49 87
46 97
43 99
42 88
47 98
39 87
45 93
42 91
47 96
43 94
39 97
43 98
45 90
42 88
38 93
42 87
46 96
46 98
41 87
46 91
45 96
47 88
39 90
42 97
46 97
38 91
42 90
46 90
40 98
37 92
47 92
43 96
41 92
46 90
47 97
40 88
36 96
25 88
26 90
31 91
28 91
26 89
33 89
32 90
36 95
33 97
27 91
29 87
30 91
28 96
33 99
33 95
30 88
36 93
27 89
31 97
26 94
29 99
31 92
28 88
36 93
30 87
29 93
27 97
32 89
27 95
30 98
26 88
28 99
35 99
29 95
32 99
21 76
22 86
14 85
18 78
19 83
17 83
19 86
22 76
15 84
15 80
23 80
15 75
18 81
20 79
19 79
21 76
19 77
22 85
20 83
22 77
15 82
24 75
20 83
24 86
23 86
15 77
21 80
14 80
19 76
14 85
20 78
20 84
21 79
23 81
16 82
16 76
21 86
22 78
14 86
22 85
11 81
1 79
5 82
8 81
4 76
11 76
11 77
10 79
1 85
8 84
4 75
4 85
0 79
10 85
0 83
9 84
0 81
1 82
11 78
9 86
5 86
9 82
5 84
5 81
4 80
12 75
0 79
2 78
9 79
11 85
5 84
11 81
4 76
3 83
11 77
10 77
0 76
0 80
4 85
5 85
9 77
2 82
9 83
6 78
15 88
18 88
18 94
22 98
22 89
16 96
16 98
18 93
14 97
16 98
22 90
23 92
15 88
14 95
23 98
20 87
24 88
18 99
14 96
13 93
15 90
22 98
19 94
22 93
21 91
14 94
24 96
19 98
22 94
13 92
23 90
17 92
21 89
22 99
21 90
18 87
23 94
14 87
13 88
13 98
24 95
2 90
12 91
6 92
8 95
0 97
0 88
10 92
12 97
1 95
6 89
0 92
3 91
8 98
6 88
2 89
8 93
8 97
2 99
0 93
12 87
5 93
0 90
12 95
3 89
6 92
5 97
11 88
8 88
0 91
9 99
6 97
12 90
4 96
5 89
1 95
10 95
11 98
8 99
8 88
12 87
7 88
8 93
150 136
190 124
158 110
159 103
188 120
158 123
188 134
152 136
163 133
163 105
158 117
175 120
187 123
169 142
173 131
176 107
151 122
171 135
181 118
172 144
159 130
175 118
180 114
189 133
195 114
189 116
152 105
170 103
150 148
173 101
166 147
162 137
186 129
194 122
187 137
154 115
189 116
187 135
177 130
159 142
199 110
177 124
173 116
161 149
174 114
195 116
174 113
168 126
154 121
174 110
199 147
156 146
161 124
167 143
182 128
192 128
192 117
172 102
162 120
184 145
161 128
176 123
155 101
166 127
186 138
162 102
166 149
179 125
177 120
196 119
161 115
176 136
173 126
193 115
150 103
171 138
180 127
194 137
168 104
166 106
152 138
182 128
190 129
198 129
168 114
167 115
190 122
186 113
184 145
183 117
186 149
171 107
165 114
166 143
192 136
176 136
152 113
171 113
157 143
173 105
128 123
138 114
137 109
128 105
148 104
147 120
126 102
134 115
125 107
130 118
134 107
147 113
146 103
138 104
148 105
139 111
135 110
127 112
147 121
146 110
129 110
144 108
133 121
135 110
137 115
142 101
144 124
148 101
141 110
118 117
101 110
106 116
108 107
109 112
123 101
122 103
110 111
116 113
122 105
111 113
110 105
118 116
109 112
118 111
104 117
115 124
107 102
107 103
124 103
101 122
118 101
119 119
102 114
123 119
113 122
109 115
123 101
118 123
124 108
119 123
108 107
107 121
112 104
116 104
116 124
123 102
100 124
117 110
123 123
122 104
121 105
128 129
130 126
141 143
131 145
136 144
140 125
139 138
142 144
136 143
136 147
127 132
132 133
134 141
144 127
138 131
129 133
137 149
141 140
125 135
149 143
142 142
148 144
134 130
146 132
138 134
130 135
136 125
127 129
137 130
139 126
145 146
126 135
132 132
132 145
106 145
101 142
109 136
116 142
105 141
121 125
117 139
106 142
114 125
100 138
112 149
119 143
112 138
113 143
103 141
103 135
110 129
120 126
105 129
118 136
114 138
108 146
115 136
123 131
105 143
101 127
106 146
110 130
120 126
116 126
108 143
116 131
112 144
105 131
119 137
196 194
192 196
191 192
185 194
170 169
150 185
172 165
152 176
199 160
183 160
155 191
168 161
175 168
153 182
170 191
174 154
161 157
178 172
189 155
155 156
193 196
165 151
159 162
150 172
172 169
171 155
178 169
167 191
161 172
187 168
171 157
150 196
194 185
167 165
165 150
189 189
194 176
198 198
159 170
181 169
165 155
191 196
196 176
182 162
183 156
169 153
162 174
151 153
192 185
177 154
176 182
157 192
153 151
164 196
199 190
190 157
174 162
169 161
171 169
157 173
157 162
155 194
171 154
152 180
162 172
181 157
182 150
171 188
168 158
187 176
164 167
193 196
164 162
161 163
186 160
196 190
152 170
174 175
168 158
181 160
197 189
185 172
194 158
180 157
171 155
152 185
150 170
152 174
150 196
133 170
139 154
133 152
147 173
140 166
133 171
142 152
132 158
126 174
135 153
146 154
145 170
130 151
130 155
145 157
134 154
132 164
142 165
149 157
134 159
132 166
145 163
125 161
126 153
133 161
134 173
135 173
125 157
145 157
147 155
102 160
104 170
121 171
112 162
124 154
100 161
104 166
123 157
106 168
101 160
110 168
100 155
100 166
104 169
107 168
102 154
109 173
142 187
128 184
139 181
147 194
136 194
149 176
135 183
144 193
142 176
141 182
143 195
142 189
143 185
145 188
146 194
145 176
130 188
137 195
147 195
135 186
148 176
139 178
134 176
129 192
136 194
126 190
140 184
140 184
149 177
145 186
111 183
114 177
113 189
118 193
100 190
103 178
107 182
103 196
120 177
123 193
123 175
110 197
121 191
100 178
118 193
123 194
102 180
111 175
122 198
115 175
118 181
100 177
118 175
100 185
122 190
116 184
107 181
120 198
109 194
91 121
97 122
97 119
81 101
75 122
85 101
92 100
88 103
81 107
96 114
85 103
93 121
90 114
77 120
78 110
77 122
96 103
87 114
84 106
85 113
92 117
88 116
90 118
86 114
99 117
92 100
77 112
92 113
78 112
77 119
86 110
81 119
88 118
84 122
91 110
94 100
84 103
90 103
79 109
62 109
67 116
51 112
61 109
72 100
55 118
64 115
52 101
73 113
60 123
66 111
51 124
52 111
61 122
52 119
52 118
68 105
67 110
67 107
57 120
74 108
51 113
54 107
62 107
70 119
60 122
63 109
62 107
51 101
66 107
51 112
54 103
61 117
66 110
58 123
70 117
63 124
73 100
67 105
73 101
71 120
57 104
56 107
51 109
97 128
86 139
77 131
89 146
99 146
84 136
87 128
93 137
89 147
86 143
96 141
90 134
81 145
81 144
79 141
89 149
93 145
86 135
78 127
76 135
89 132
93 135
94 139
83 138
90 143
76 134
93 145
84 139
87 139
88 138
98 149
87 127
87 131
88 130
70 145
56 132
56 129
50 144
64 133
58 136
60 148
74 141
60 137
64 146
58 141
63 131
62 131
67 129
62 143
54 134
55 126
60 125
65 126
55 126
63 131
51 131
62 128
65 137
74 137
67 137
65 132
66 141
67 125
57 137
70 145
74 129
50 134
60 148
67 130
62 128
63 147
59 143
58 140
65 126
72 131
52 134
67 135
62 143
53 149
54 142
59 137
54 145
65 144
71 132
50 133
32 120
40 112
30 119
31 107
43 107
45 118
39 102
47 124
48 123
33 102
36 100
46 101
37 122
48 105
48 119
32 114
29 110
25 120
40 104
41 121
34 113
46 116
33 104
49 100
27 120
29 112
30 114
42 121
38 106
36 121
35 110
44 116
4 100
5 107
17 123
7 122
15 115
13 107
10 110
9 113
1 104
5 111
0 109
14 102
9 116
18 106
16 103
12 115
11 113
23 106
16 109
15 105
11 123
4 109
17 113
4 112
15 123
8 121
15 122
10 103
0 105
5 105
0 101
23 117
41 146
29 134
42 142
42 129
43 136
46 134
31 146
28 131
46 147
38 139
34 149
37 135
25 133
48 125
29 142
33 134
33 142
49 129
33 127
45 145
30 139
48 146
40 128
36 128
36 129
48 130
45 139
46 145
38 138
43 128
27 134
31 137
29 137
38 147
40 143
28 137
49 149
36 128
28 137
38 143
47 127
25 129
34 149
38 128
33 130
17 141
17 133
17 141
0 132
21 146
10 130
3 138
19 130
21 144
21 127
6 128
1 149
9 128
3 137
17 140
17 138
8 149
8 145
21 144
18 132
17 138
16 131
4 139
24 142
7 148
13 135
8 139
13 137
5 141
2 131
18 142
23 135
17 127
9 127
24 128
9 132
23 126
9 149
12 131
21 127
11 127
22 148
17 148
21 147
0 140
11 139
18 138
78 151
94 170
90 150
82 164
84 164
82 165
82 156
89 167
80 152
79 171
83 157
99 174
99 152
91 153
87 174
85 162
78 164
85 158
82 173
91 155
75 171
99 156
85 167
90 162
96 170
90 164
88 167
94 155
92 159
80 172
94 165
91 158
92 165
93 162
85 170
79 156
78 170
93 153
88 167
85 161
90 157
76 173
91 163
76 160
80 158
96 154
53 156
57 165
71 168
72 169
64 160
62 174
63 157
67 156
50 160
56 167
73 162
72 153
71 169
63 160
69 155
70 151
62 156
53 167
70 153
61 158
53 158
69 155
54 150
73 165
57 174
73 155
72 164
56 150
64 166
67 158
55 165
57 170
72 161
63 169
50 163
54 168
50 151
58 166
70 156
69 161
74 165
81 178
98 187
96 177
84 176
93 190
95 180
81 192
79 192
84 191
81 187
88 182
96 182
89 176
91 196
92 179
76 189
86 178
81 175
82 175
99 199
94 179
78 183
76 179
91 194
96 179
98 190
95 193
75 191
79 190
89 191
75 177
99 178
98 183
99 183
89 180
80 190
75 199
81 180
57 188
55 180
72 192
71 178
60 194
74 188
55 180
69 180
58 186
62 180
55 183
63 180
57 189
72 182
55 186
62 199
67 196
60 175
55 181
54 186
60 176
68 177
73 195
62 175
53 180
67 196
63 190
56 182
54 196
62 177
68 180
61 197
69 194
63 186
59 199
74 190
34 159
42 156
38 166
26 155
32 162
47 152
34 165
25 154
49 169
43 171
49 158
32 160
46 158
49 160
31 163
34 154
26 159
27 150
43 155
38 152
43 172
38 159
27 170
34 166
33 173
41 169
44 164
28 170
33 153
37 171
30 159
41 163
27 173
41 164
31 152
47 172
49 159
21 154
9 156
2 167
2 171
0 164
8 164
10 151
8 165
5 171
1 156
13 157
22 162
1 169
19 163
20 169
4 163
7 169
18 153
9 173
12 169
16 157
8 165
4 173
3 164
11 157
1 160
22 166
7 172
28 197
48 183
41 184
37 181
29 175
34 188
38 188
44 176
27 179
49 180
30 199
49 183
49 196
30 184
29 182
37 187
39 177
43 192
48 199
29 176
37 178
29 184
44 198
33 188
29 183
32 189
39 184
32 188
38 177
49 180
39 197
45 184
0 183
1 187
5 194
15 198
23 198
20 182
18 186
12 183
24 188
1 187
15 190
19 199
10 180
24 198
9 183
6 185
20 175
0 183
18 198
24 180
8 187
14 181
1 189
18 183
9 194
23 193
14 192
24 187
8 183
13 184
11 186
19 191
18 197
10 199
3 176
11 176
17 180
21 199
381 228
396 244
371 212
396 222
365 207
381 231
355 223
370 227
361 231
351 213
359 225
355 246
366 207
359 237
382 241
384 238
363 228
390 206
356 200
377 238
399 246
371 244
386 235
374 202
351 217
369 246
379 202
360 224
389 207
391 213
378 248
385 201
361 246
370 213
354 220
352 207
392 245
372 231
381 228
385 209
355 248
357 227
360 241
353 246
394 232
380 208
382 239
393 207
396 212
393 201
382 220
398 220
383 242
376 238
393 242
361 205
387 242
360 245
367 218
395 213
368 215
337 204
308 200
340 240
321 216
319 212
341 206
319 221
314 248
335 205
313 248
302 244
322 234
308 223
305 227
318 238
335 240
345 227
335 212
340 227
318 219
317 212
327 235
321 206
334 218
316 204
320 221
325 237
308 204
333 236
321 227
345 208
327 212
347 212
305 240
339 238
304 220
343 241
318 207
331 221
300 234
317 236
320 222
312 222
345 223
328 204
347 214
340 227
339 232
325 228
310 206
308 215
340 221
316 215
304 209
302 229
335 220
339 208
336 223
332 212
347 216
345 230
349 214
310 245
307 233
379 298
353 274
393 293
356 292
374 261
350 269
380 275
356 276
355 295
386 286
362 291
372 259
366 289
384 283
386 261
379 265
395 295
364 258
372 285
391 294
372 250
377 260
398 294
351 279
354 275
373 284
392 258
363 266
396 281
366 251
373 293
379 294
360 293
368 275
392 272
363 295
378 298
391 289
387 277
378 289
353 291
376 290
393 259
393 273
398 296
370 273
357 298
363 282
380 252
368 270
365 293
351 284
366 257
376 286
363 269
391 284
368 254
393 279
374 297
376 254
394 286
354 260
370 250
393 250
303 260
336 283
342 271
336 254
316 258
304 271
342 292
328 295
315 287
332 280
330 292
332 270
318 253
313 269
304 284
333 265
333 292
306 254
345 294
310 283
315 264
340 299
336 294
300 263
312 259
322 282
309 281
347 270
330 260
347 255
322 251
300 283
311 290
302 259
338 288
332 290
311 296
338 294
306 255
325 272
313 256
304 280
317 281
333 252
340 251
307 290
344 266
340 279
321 287
344 267
339 269
339 261
323 288
330 252
340 293
306 266
327 263
315 263
332 289
342 253
318 293
303 281
321 284
307 257
310 293
324 295
330 250
343 267
322 261
327 261
333 291
307 296
310 257
339 291
310 259
308 257
309 260
315 297
347 266
323 295
334 289
344 258
319 276
259 229
294 210
268 227
293 210
282 213
259 233
266 216
269 213
281 202
291 206
297 241
258 221
270 204
291 206
273 208
268 213
297 248
272 203
294 214
271 208
277 220
261 220
260 234
287 200
290 218
290 202
254 221
266 235
295 220
287 222
280 236
267 206
250 228
291 226
261 219
252 223
265 234
261 203
277 228
276 200
297 219
292 247
298 247
264 209
278 211
259 224
275 240
263 212
273 223
251 241
256 212
282 235
276 225
255 204
263 200
290 214
269 217
289 243
286 236
262 231
253 227
275 232
298 212
299 200
288 227
263 210
279 221
265 248
257 246
274 208
279 242
281 203
296 235
260 218
286 247
284 221
259 207
259 239
250 232
294 204
265 224
261 200
252 226
273 232
253 241
266 236
258 204
263 235
250 234
288 233
296 209
287 200
276 206
274 248
258 223
289 230
299 231
252 233
239 207
236 245
226 224
234 218
203 231
202 247
220 209
240 208
206 235
202 235
224 216
242 225
213 239
230 207
237 235
217 237
216 235
223 233
207 218
227 220
234 239
203 238
247 213
203 232
233 222
232 220
214 204
205 214
203 231
217 240
226 204
238 247
222 212
213 200
205 214
231 242
202 238
203 247
217 210
242 209
215 237
216 213
215 232
202 247
202 246
208 232
218 231
205 232
247 239
217 223
233 217
232 220
207 222
230 244
222 220
247 228
244 214
206 230
245 208
202 247
233 201
237 229
243 243
233 246
214 219
241 242
201 218
207 249
222 231
211 224
239 205
209 201
226 217
201 240
227 220
220 203
248 220
221 217
209 215
236 229
214 241
226 244
228 224
241 220
236 203
240 213
230 200
227 216
239 230
232 229
232 215
253 297
298 252
264 295
297 272
297 269
251 290
285 252
259 279
261 297
275 271
281 290
275 264
254 287
289 256
260 293
287 292
252 282
270 252
291 259
257 285
268 265
256 287
277 259
278 252
275 270
280 280
284 297
264 287
295 284
290 277
292 270
266 257
277 261
279 264
296 279
298 268
294 268
271 252
275 267
269 289
288 284
288 291
261 298
294 286
299 272
296 272
292 270
267 298
278 291
277 297
292 284
290 272
251 297
295 299
272 266
286 253
277 297
297 298
284 267
259 287
294 294
268 254
250 256
272 260
295 252
266 265
252 253
258 271
256 275
268 286
259 264
274 277
286 295
297 272
278 287
289 258
251 258
287 285
291 256
274 277
283 280
290 293
262 290
266 291
270 251
255 261
292 289
298 276
283 297
252 256
267 273
213 271
214 266
221 261
224 288
222 275
224 268
220 288
203 250
241 291
218 251
203 274
217 262
248 284
231 299
201 291
247 292
209 250
222 289
212 295
234 289
224 286
209 274
234 291
230 254
215 298
206 252
230 270
221 251
243 291
228 280
212 288
236 260
209 266
229 289
231 268
218 287
248 257
222 252
246 267
203 294
204 281
244 273
229 253
249 260
238 259
212 262
213 297
229 282
216 292
248 269
210 280
243 277
205 281
213 262
235 265
219 261
240 287
212 295
248 283
246 257
236 284
217 288
236 255
202 298
201 265
200 291
235 259
210 262
209 252
212 266
241 268
227 251
232 290
225 271
235 295
218 272
234 265
239 292
243 289
209 280
214 259
219 279
205 253
378 321
356 309
390 337
352 321
399 335
356 318
390 335
374 317
350 309
361 339
388 300
392 313
364 325
397 322
359 309
371 303
392 311
367 306
387 333
356 349
379 310
352 333
353 316
389 317
384 330
397 318
352 332
371 324
394 341
362 334
381 312
393 324
381 347
368 331
378 336
362 349
398 331
388 301
394 337
382 343
379 337
352 302
358 321
374 340
389 328
384 347
350 324
359 303
372 300
332 328
326 315
319 318
310 302
327 316
324 338
331 303
312 316
340 341
310 309
335 321
342 336
305 316
347 319
318 317
336 310
318 341
321 343
303 322
323 317
349 344
311 335
314 340
300 312
326 310
315 313
317 315
330 326
316 329
317 314
334 304
317 315
349 322
336 340
300 315
316 311
348 312
343 338
328 342
311 332
319 349
330 315
319 349
323 315
347 343
347 301
349 335
342 324
337 322
314 309
305 339
305 328
334 311
363 359
354 390
357 396
359 360
380 362
394 361
360 352
391 358
377 376
375 372
374 388
384 357
371 361
383 377
365 366
354 386
380 360
355 357
371 389
371 368
369 381
363 353
350 376
361 353
380 394
387 390
385 383
359 398
375 394
374 384
369 386
357 354
389 391
365 377
372 368
393 399
364 369
399 370
363 372
380 375
350 377
360 390
352 371
352 367
364 384
399 368
382 395
379 374
366 383
353 381
370 371
383 365
357 367
389 367
382 356
360 394
341 366
323 377
302 358
310 352
316 356
310 377
321 365
347 357
349 357
324 381
345 360
324 381
313 361
326 367
324 353
339 386
316 382
341 353
300 382
337 377
304 351
348 377
302 362
323 387
346 355
305 399
348 366
343 372
343 358
324 350
302 394
333 397
340 384
308 375
308 354
312 356
343 356
303 394
313 350
342 351
347 388
324 380
337 354
346 360
319 367
347 393
314 392
343 375
326 368
327 380
336 370
329 363
310 399
295 336
259 323
294 330
270 349
276 335
285 349
297 322
256 318
281 309
257 320
265 314
265 324
259 328
282 326
288 332
252 349
252 339
263 302
258 326
266 304
278 319
268 345
294 334
293 349
259 328
284 330
273 338
298 347
279 339
255 307
286 329
289 344
291 322
281 302
255 345
251 333
276 341
256 341
268 312
265 326
255 337
275 339
274 339
267 320
285 337
261 335
284 329
277 337
281 326
262 312
294 309
281 320
253 300
286 312
254 301
298 332
259 343
291 341
273 303
270 316
285 300
293 321
265 333
288 314
261 342
268 315
277 333
287 346
298 309
267 327
290 326
253 332
274 305
296 300
288 331
275 324
285 344
281 311
274 306
291 319
288 317
268 324
290 322
272 332
253 303
268 348
287 328
261 342
261 323
269 330
285 306
209 317
235 319
232 303
221 348
225 310
222 346
245 348
228 335
242 344
202 318
239 325
234 315
243 315
233 328
227 334
243 306
201 310
202 325
240 324
235 322
231 344
202 332
247 312
220 307
228 307
220 348
240 310
225 324
224 305
211 303
239 312
244 305
249 302
240 324
218 301
236 330
200 322
242 339
232 330
238 334
233 307
226 347
242 346
221 341
225 307
223 329
238 317
205 315
243 307
229 302
203 307
223 344
233 320
242 325
237 312
235 329
243 311
209 304
235 331
229 343
242 338
236 307
212 327
206 320
239 322
211 335
221 331
244 333
234 313
216 302
204 337
226 342
240 316
241 304
217 325
214 348
226 318
200 303
202 314
243 311
231 310
216 321
214 331
209 332
212 327
244 334
235 346
220 310
280 358
287 356
283 364
279 366
279 369
294 357
280 350
283 351
282 357
283 368
275 368
293 366
297 367
283 366
278 373
295 361
290 350
283 363
290 359
283 367
283 358
285 356
283 365
278 371
277 369
299 360
250 355
255 354
259 359
272 350
266 366
271 352
252 356
254 369
273 369
261 367
258 373
259 353
258 363
253 373
264 353
271 350
274 368
268 372
263 364
268 373
270 360
260 362
254 354
262 355
256 360
266 372
265 360
255 357
265 351
287 389
293 376
295 392
299 395
289 387
294 378
291 375
298 381
299 382
279 395
280 382
280 399
284 377
292 397
291 388
277 383
285 381
298 383
290 392
294 377
280 399
286 380
278 390
277 398
293 399
282 379
282 391
287 391
274 386
260 392
262 388
273 384
250 399
274 375
256 386
259 399
271 394
257 394
256 393
258 384
261 399
273 376
256 387
251 397
251 385
250 375
263 397
222 398
203 383
234 387
225 374
240 384
203 373
201 399
243 369
208 385
229 355
227 361
226 392
237 372
241 355
205 398
205 357
216 357
234 396
243 396
245 397
219 373
209 395
217 384
242 368
244 396
242 358
242 365
211 393
244 384
218 393
240 383
207 358
219 397
249 380
223 383
225 397
215 360
219 383
238 389
201 354
235 355
227 375
228 384
228 370
220 399
223 362
223 387
216 355
243 356
216 371
201 387
234 355
219 389
224 352
211 384
226 379
220 397
239 369
239 367
235 378
248 393
202 373
217 377
219 384
202 350
220 351
224 362
238 364
207 389
247 367
248 397
229 375
202 351
242 369
229 358
228 357
222 366
248 393
243 382
235 366
237 393
248 354
224 366
211 384
212 377
204 358
200 357
220 398
218 378
228 397
243 385
225 391
235 381
179 223
179 209
197 205
188 214
195 207
186 204
187 208
186 218
187 206
188 216
185 201
194 208
191 223
190 223
177 214
176 223
192 204
186 217
189 205
199 214
187 207
191 209
178 209
187 202
180 223
177 216
185 222
185 223
164 221
161 202
162 211
151 200
156 202
167 204
157 204
155 219
162 222
160 211
163 218
156 203
173 224
152 219
160 208
164 220
174 212
169 215
160 211
170 222
160 213
154 206
164 221
159 200
172 208
173 201
166 201
185 236
192 247
194 231
193 230
197 247
193 234
175 229
183 248
192 230
197 239
198 225
184 225
196 246
182 239
187 232
190 228
191 243
175 230
190 248
177 237
178 249
188 233
187 235
188 247
183 233
197 246
176 234
150 248
170 240
168 242
161 245
157 240
160 231
166 227
156 239
168 232
167 245
168 227
171 239
172 231
156 246
173 247
152 226
155 239
159 234
159 240
157 235
155 248
158 247
168 229
151 242
147 214
144 207
143 224
125 215
125 216
143 216
134 204
144 201
146 217
146 211
141 210
127 220
139 203
130 208
140 213
138 219
145 210
147 210
131 222
141 211
141 224
137 202
139 214
131 207
131 219
144 219
133 201
120 215
107 221
111 211
123 215
103 223
100 201
118 210
117 220
103 223
122 220
122 212
121 203
105 214
110 209
119 205
111 222
107 222
111 202
123 217
114 212
109 210
109 218
111 224
104 205
112 208
102 214
114 203
116 200
125 246
131 241
141 239
140 230
133 234
127 237
128 249
148 226
147 248
146 228
127 244
141 239
144 245
137 234
127 236
125 247
138 234
147 248
142 248
126 228
146 233
129 244
136 244
131 233
130 242
145 237
137 246
128 247
143 233
133 233
132 245
118 239
111 247
124 247
122 248
117 242
114 239
109 233
110 226
120 244
119 226
103 242
124 225
113 227
116 249
101 238
105 235
110 248
103 236
106 227
124 244
100 235
111 230
121 248
106 247
199 250
152 251
153 258
189 271
174 254
181 253
177 258
186 260
166 292
187 266
173 265
173 273
168 282
167 290
152 273
180 289
154 250
157 263
197 296
183 253
184 252
159 279
162 260
150 269
163 276
179 299
161 271
199 290
169 278
152 252
168 259
166 280
157 269
173 267
186 275
151 273
173 290
189 254
151 279
170 282
176 286
181 297
195 256
197 276
170 266
188 281
171 260
190 287
174 283
199 290
170 253
184 259
150 283
194 277
183 276
191 251
188 293
162 278
198 263
168 296
178 284
154 252
159 297
183 256
159 270
174 297
152 265
167 278
166 263
182 292
151 294
195 254
196 294
186 272
164 265
194 276
178 294
187 258
194 270
164 271
161 273
168 267
198 257
172 283
170 279
196 263
132 258
144 250
135 258
137 262
135 257
142 270
132 263
128 263
139 262
136 259
146 265
126 257
138 251
136 274
140 250
134 259
128 262
144 268
134 271
146 264
125 269
126 270
132 257
144 261
142 258
131 272
127 262
100 271
112 257
115 251
111 271
115 269
114 260
121 271
100 253
103 261
114 267
108 272
104 268
111 271
106 271
101 271
103 268
104 267
109 264
113 263
114 259
116 274
118 250
101 260
115 260
110 267
129 293
133 296
139 296
136 299
139 279
147 292
145 276
135 283
148 280
130 295
134 275
136 288
138 288
141 288
142 292
149 298
146 298
135 291
129 286
125 285
143 296
139 285
132 288
144 287
112 294
108 299
118 285
107 280
124 277
113 294
107 296
103 291
119 280
102 283
114 284
119 289
103 287
115 275
114 286
109 275
118 299
120 275
115 293
121 299
123 290
117 282
111 295
103 289
110 295
112 293
101 275
93 222
76 205
79 217
84 222
88 215
81 214
87 212
93 211
98 200
81 215
87 220
76 220
88 217
84 221
95 215
85 201
83 200
83 204
80 215
87 201
76 219
95 210
71 215
72 224
58 202
66 215
51 207
52 218
64 200
56 208
65 223
63 206
74 207
53 212
71 202
56 213
53 219
51 201
50 224
61 211
64 216
71 201
56 215
64 211
74 213
74 207
55 213
57 217
51 209
71 220
56 222
58 216
73 210
62 213
63 205
90 225
75 234
95 242
90 234
96 246
99 245
78 243
78 243
79 249
83 242
84 226
92 225
84 248
95 242
89 232
75 238
93 231
86 242
96 235
94 244
83 225
85 248
87 242
75 237
96 239
91 225
56 234
74 228
55 249
55 245
71 244
58 225
57 226
58 225
67 238
67 237
59 228
58 234
72 228
71 239
65 240
68 238
54 225
61 240
57 240
53 229
4 220
24 215
44 244
35 219
10 218
40 242
25 213
48 223
47 226
27 231
10 245
49 213
27 233
26 217
41 240
44 206
24 233
47 219
47 200
5 205
21 246
37 228
3 245
29 238
23 204
32 219
7 243
36 207
49 242
28 216
20 218
29 242
40 247
21 248
39 213
38 217
49 241
38 231
22 229
49 225
17 242
10 207
0 211
34 247
0 238
31 242
33 238
32 214
10 237
47 203
14 204
4 230
39 234
44 210
43 236
48 221
8 208
34 211
43 229
39 233
21 204
13 241
0 235
1 235
42 247
27 214
6 237
21 242
47 214
35 214
14 238
13 200
4 211
30 216
21 211
39 225
14 213
26 209
43 218
31 225
27 222
33 246
19 206
1 220
30 218
44 221
24 228
39 240
26 207
16 209
14 242
8 204
46 245
21 248
98 262
79 262
77 261
80 267
97 268
80 253
82 258
86 273
95 252
93 257
94 254
79 254
78 250
88 264
94 258
77 253
94 261
85 258
95 251
86 264
75 266
91 273
99 256
84 253
75 265
73 259
71 257
74 269
59 271
66 268
55 257
73 250
73 262
56 256
62 272
60 258
59 271
74 252
67 269
60 262
69 268
66 264
70 253
72 261
53 272
68 264
52 265
58 253
50 260
93 285
96 294
92 290
77 289
89 277
78 299
97 290
88 287
83 295
90 277
84 280
79 294
89 282
84 298
97 294
79 288
77 299
80 276
87 299
75 280
83 294
78 286
85 290
79 292
81 289
88 296
86 279
83 298
78 298
92 280
88 278
84 292
82 281
75 293
76 277
76 292
59 286
70 279
74 295
54 276
61 282
69 276
71 285
74 292
60 288
68 278
67 292
58 293
54 289
62 278
50 280
70 288
63 275
71 296
7 264
12 261
37 291
5 280
38 282
31 286
38 273
44 260
24 273
16 261
18 298
21 291
21 261
42 261
39 265
36 250
0 291
31 292
31 297
33 280
33 290
2 263
38 269
9 263
9 291
9 277
1 266
21 269
10 251
7 293
45 261
49 279
8 267
26 298
43 273
6 266
27 255
33 291
44 254
0 273
46 289
49 266
17 296
16 274
35 254
42 270
36 259
12 287
14 284
35 269
46 262
19 275
30 253
49 282
5 252
36 263
48 291
45 287
9 280
29 286
35 255
23 288
11 261
8 280
31 292
34 292
1 259
1 276
13 264
32 253
9 299
35 281
14 274
42 254
12 285
17 273
42 259
43 274
3 282
172 308
171 346
177 314
185 344
155 334
199 332
150 325
155 328
187 320
180 308
161 329
164 342
164 349
170 308
186 345
181 321
162 326
155 306
192 335
188 305
193 339
190 347
189 317
161 345
175 306
161 311
175 304
172 327
188 343
184 307
196 317
171 305
155 304
167 325
172 315
189 324
165 312
166 324
166 304
151 324
185 314
166 323
160 313
152 320
158 342
170 339
165 321
188 303
179 319
178 344
159 334
169 332
155 341
170 317
184 347
165 337
176 303
158 330
171 332
171 329
172 345
186 326
189 331
181 303
172 312
157 312
171 346
180 349
160 304
197 316
161 320
199 304
195 331
181 343
158 306
163 301
154 313
178 333
199 347
196 304
175 346
176 341
178 328
174 331
174 309
152 324
153 306
177 324
188 336
159 338
116 306
101 341
105 308
144 305
118 320
127 323
106 301
128 309
111 312
106 348
104 314
114 320
116 336
130 314
145 302
144 324
117 341
124 321
127 342
115 303
106 304
119 327
105 318
144 348
122 325
141 335
117 315
108 308
147 346
143 313
141 322
118 327
131 311
109 305
134 319
111 323
115 307
128 330
122 308
114 320
111 331
139 315
100 346
146 304
107 347
143 317
108 337
113 302
133 334
104 348
101 313
143 318
112 336
107 317
111 345
116 315
145 341
129 309
110 309
130 338
111 348
148 326
123 344
103 323
122 334
148 347
110 346
142 331
114 333
140 305
148 330
147 348
105 330
125 301
146 317
105 307
121 331
107 327
109 334
131 309
144 311
134 309
129 334
114 313
127 300
179 350
186 369
192 363
175 362
185 370
180 362
181 351
185 357
184 372
177 357
180 359
191 351
176 355
182 361
193 368
176 369
193 351
183 361
188 369
193 356
187 358
194 361
153 358
156 360
166 359
163 371
158 374
155 352
165 372
172 374
151 368
153 366
151 356
151 358
165 364
150 372
150 374
171 350
154 350
166 352
161 356
167 351
158 371
162 366
155 365
155 368
159 373
180 391
178 399
182 397
191 384
185 398
184 387
177 396
190 387
196 397
181 383
192 379
176 376
180 377
192 383
177 385
177 386
191 398
182 385
182 376
187 393
187 388
199 386
181 382
176 388
178 376
188 396
176 380
185 385
192 383
184 391
186 389
194 389
190 391
157 391
173 376
150 379
152 399
150 386
151 390
173 395
167 379
152 385
158 377
173 392
156 376
153 391
158 398
155 390
156 384
151 376
156 375
168 381
155 398
156 396
166 380
162 384
166 382
158 388
158 376
114 364
143 364
147 394
139 362
138 385
108 377
128 364
113 389
114 391
143 380
134 392
101 379
127 357
100 359
112 364
139 364
100 392
119 392
145 396
101 365
133 362
118 361
121 386
140 364
118 387
103 373
145 374
109 376
124 383
107 361
105 372
135 353
103 379
146 365
118 363
122 384
147 352
137 379
149 359
115 365
125 360
126 370
142 396
108 387
149 382
121 351
130 381
114 393
146 352
134 352
128 378
110 397
124 365
145 362
109 370
139 351
110 364
112 365
131 379
148 378
107 351
140 394
125 393
105 397
109 384
112 369
139 354
120 359
114 368
147 352
115 396
146 352
101 399
137 397
127 361
107 364
149 352
135 359
114 373
132 357
133 399
148 396
135 391
105 350
131 375
134 358
125 366
113 386
131 384
116 385
112 395
104 364
137 391
60 302
55 343
79 341
89 325
62 347
91 335
83 331
68 329
69 348
67 315
51 314
73 347
77 346
68 328
90 302
93 337
59 332
91 315
71 338
96 342
65 302
95 339
84 302
78 345
84 333
63 313
87 336
76 315
55 324
56 345
52 320
66 341
53 305
59 319
62 344
56 327
94 349
88 328
80 325
93 336
70 304
77 301
65 325
58 335
63 330
67 328
52 338
66 322
83 340
63 311
65 300
88 335
75 341
92 321
85 343
71 327
85 333
72 336
70 347
57 326
99 309
76 334
73 331
57 337
87 300
81 329
87 305
96 320
82 310
59 334
95 310
17 319
12 330
4 348
14 329
13 309
43 332
18 319
3 326
19 316
27 311
42 324
32 336
3 324
28 323
12 326
35 306
43 317
22 322
43 345
48 320
32 334
42 348
33 346
44 326
22 320
31 312
27 334
12 305
30 316
48 331
49 346
14 319
25 317
10 337
23 332
37 332
7 334
35 345
21 309
0 344
16 334
36 338
35 318
6 347
30 306
26 346
20 321
35 317
24 316
15 314
13 340
19 335
46 309
39 342
14 349
32 306
48 311
22 302
2 306
31 325
11 320
49 330
23 348
31 332
29 327
35 327
17 313
3 308
42 334
27 323
21 341
25 302
37 336
3 321
34 328
40 302
24 340
4 344
30 333
9 322
47 342
45 344
2 336
44 307
13 329
49 312
15 346
49 321
11 329
4 333
2 301
3 328
33 333
32 313
43 329
48 314
39 314
83 394
50 354
96 394
65 354
75 368
74 371
63 368
94 352
63 376
53 376
67 386
68 355
77 360
79 387
64 375
77 393
96 378
82 358
79 354
89 379
53 376
77 355
64 368
55 375
89 377
60 363
75 369
59 390
87 378
74 378
75 365
71 350
90 375
90 375
76 372
62 370
83 361
91 364
99 362
85 379
58 360
77 365
92 377
77 387
52 394
91 378
51 369
84 360
54 386
61 358
82 365
65 352
56 396
75 392
70 352
79 360
52 397
97 399
80 372
93 392
78 371
72 355
89 382
54 369
70 369
99 360
98 390
69 358
72 372
92 390
97 384
50 392
73 377
54 389
71 356
74 376
52 369
50 361
78 392
93 377
68 387
90 396
58 369
95 365
81 362
60 380
71 399
14 386
15 361
10 355
32 392
41 381
17 392
31 381
7 371
33 370
25 358
31 376
15 353
4 376
42 384
42 351
5 368
6 352
42 354
32 389
19 392
32 352
28 368
38 393
8 393
38 394
38 388
19 351
46 380
10 399
6 371
4 398
11 353
31 393
45 383
5 385
18 359
36 371
5 378
47 398
8 358
16 355
21 377
10 357
29 371
26 386
48 375
26 380
41 394
15 395
36 397
0 355
30 399
36 385
38 362
49 396
16 359
12 358
44 391
21 374
39 384
21 381
16 365
33 351
32 366
2 374
5 397
22 394
25 392
37 374
32 365
28 351
38 358
6 358
21 376
12 364
22 383
25 364
37 377
25 393
47 350
36 382
713 406
703 409
749 578
684 552
733 400
681 581
698 485
668 550
573 452
531 448
598 494
489 403
466 444
451 430
468 428
451 436
467 412
499 412
480 427
457 410
469 444
456 449
454 436
450 440
455 423
488 407
466 425
494 404
459 425
494 416
472 413
464 449
492 433
494 429
482 409
474 421
470 437
476 405
452 412
477 401
457 437
455 417
487 441
458 415
496 410
488 407
472 422
490 424
450 419
467 425
482 428
492 407
475 415
461 447
467 406
460 447
459 410
476 417
490 415
499 447
482 448
481 414
468 441
475 420
499 430
493 412
470 443
452 448
412 401
448 404
444 406
421 449
430 417
445 444
413 403
404 423
419 418
423 418
409 404
442 417
410 406
428 411
430 448
432 436
415 405
419 434
430 436
406 432
444 424
430 402
447 434
441 446
422 420
440 426
418 430
427 418
422 412
402 420
418 447
410 411
403 433
404 408
413 418
449 401
440 438
431 434
435 417
426 407
438 408
421 401
402 425
402 404
446 408
442 406
440 423
413 447
426 434
425 408
409 421
442 447
423 426
405 410
449 433
406 407
403 445
433 443
408 430
402 405
408 447
401 441
435 433
421 431
400 438
415 418
419 408
495 482
473 493
490 477
499 452
451 493
483 475
473 499
463 456
463 477
492 463
453 457
461 480
475 495
461 486
457 455
491 499
478 480
494 458
463 479
459 495
463 488
470 494
484 456
450 473
492 495
468 458
450 468
479 474
458 483
476 454
466 452
454 462
470 491
497 472
494 498
474 479
475 466
476 464
488 458
473 455
450 464
469 453
479 487
495 476
450 495
464 470
490 467
464 487
483 471
450 470
496 493
485 493
403 489
425 485
447 461
427 477
428 491
416 456
433 473
423 482
431 453
416 450
440 462
423 499
440 496
432 494
433 479
401 480
413 487
441 458
425 467
408 470
419 455
431 453
421 458
427 499
431 467
400 466
422 457
427 452
448 473
400 470
431 469
413 473
443 458
407 487
424 482
413 493
426 464
443 453
402 468
411 493
413 451
433 479
412 460
416 490
419 484
449 488
402 479
448 495
412 492
439 465
408 482
541 507
436 538
479 543
639 781
725 778
675 746
716 676
601 780
794 782
586 684
599 703
450 701
355 446
390 405
387 429
365 413
375 418
384 445
385 431
360 446
351 448
396 410
352 418
364 423
398 446
376 424
359 408
399 437
376 406
350 446
358 430
397 412
387 443
360 400
386 425
352 441
387 448
359 407
393 413
388 440
392 448
391 414
350 413
382 418
386 448
385 446
392 420
382 407
377 424
393 445
391 434
388 412
350 429
366 438
399 437
358 443
365 424
394 432
380 401
396 408
384 429
383 419
386 416
381 449
378 419
399 413
376 421
361 437
396 419
398 421
378 415
386 440
359 415
370 433
390 412
398 447
352 420
377 407
371 413
395 440
371 434
354 435
380 435
361 428
354 441
387 401
364 441
354 438
359 444
382 402
353 423
354 448
366 433
396 403
367 437
377 408
337 422
322 431
338 441
308 403
300 415
331 433
321 449
336 403
307 411
339 445
337 422
326 417
308 429
344 415
337 404
340 446
342 415
300 411
334 426
334 403
336 405
311 404
328 431
336 443
327 446
310 407
329 433
345 422
306 421
341 449
341 428
312 433
327 420
339 411
317 414
310 424
336 431
316 426
326 400
308 447
309 428
340 407
303 448
324 414
347 410
312 437
334 433
336 405
305 404
317 445
395 481
360 495
362 471
373 458
363 484
352 485
373 482
397 496
352 481
395 462
395 499
371 488
389 488
364 485
378 469
362 467
395 452
383 470
375 468
359 479
395 452
362 472
398 460
378 460
385 451
374 473
371 489
365 450
358 476
380 453
368 471
398 463
353 468
387 482
393 460
376 460
359 496
360 472
362 491
399 494
375 454
343 473
327 465
307 495
333 450
331 464
335 489
320 485
307 452
331 475
308 452
320 472
302 453
325 490
326 498
339 474
309 464
332 499
317 492
329 476
318 499
347 475
308 488
343 464
326 486
334 470
323 453
348 468
326 457
346 490
326 483
312 481
327 466
336 479
321 493
327 486
319 482
330 493
313 454
323 499
301 466
300 461
336 478
347 462
346 487
324 457
302 458
306 465
301 484
336 498
317 485
324 460
328 480
339 470
314 452
311 475
311 489
343 467
347 456
331 451
348 463
344 471
253 411
256 407
290 431
293 404
259 443
275 447
294 416
298 430
268 413
294 405
258 410
277 416
255 432
283 447
284 407
279 420
289 436
269 431
260 447
292 433
266 441
286 424
276 433
284 424
266 417
288 437
299 437
268 442
290 436
270 414
266 429
288 435
297 442
284 418
263 441
280 425
278 429
256 404
261 442
263 419
293 409
273 448
294 438
265 438
272 441
257 439
294 448
283 424
294 445
292 435
291 400
266 421
268 447
265 418
256 408
244 428
215 408
207 409
208 411
246 444
219 433
236 402
209 438
222 410
249 412
218 428
210 443
245 423
247 421
218 403
216 407
237 436
219 412
206 440
241 440
203 440
206 401
233 426
206 439
240 422
238 424
246 403
249 424
217 414
237 422
222 412
212 401
202 425
241 443
225 409
236 400
249 434
217 445
238 446
204 429
203 427
232 405
248 438
211 402
204 413
233 424
248 447
224 423
203 417
243 414
246 415
228 418
217 435
230 402
221 439
226 409
244 419
216 402
211 429
246 436
228 423
267 459
292 495
265 468
271 496
288 453
256 478
279 499
272 473
257 468
285 487
267 491
298 496
277 493
283 486
271 493
269 450
273 467
273 464
280 473
264 453
298 461
281 482
296 469
264 467
263 481
271 454
295 497
262 489
277 472
279 463
289 489
276 479
292 484
297 467
293 488
297 487
273 472
277 452
275 453
275 494
276 464
277 486
257 456
279 490
283 463
294 451
256 472
296 452
290 478
286 459
286 493
255 483
273 478
251 484
289 465
293 474
263 482
295 489
291 482
255 460
250 450
278 486
261 486
285 459
296 465
261 494
291 468
260 469
263 495
294 472
225 459
237 457
222 454
219 469
225 468
228 472
240 492
234 475
210 450
210 464
233 493
215 473
217 462
213 484
212 489
231 481
244 463
210 457
204 480
237 491
225 470
209 459
227 451
210 494
205 478
225 470
222 493
202 470
244 479
202 483
218 450
210 461
229 458
209 497
228 467
206 481
221 475
237 455
248 470
233 489
202 475
205 464
246 455
240 462
246 498
215 482
233 465
231 497
223 474
235 488
210 463
227 467
214 477
234 498
399 591
254 552
288 513
244 514
190 425
189 436
162 419
185 440
181 430
173 424
163 446
158 419
194 445
153 405
165 436
162 426
168 439
183 426
174 446
186 447
168 432
187 425
151 425
193 443
170 445
178 418
150 423
172 414
155 439
190 410
172 416
165 404
176 426
155 437
162 446
169 401
159 408
167 401
152 438
157 438
156 438
154 411
163 414
176 407
164 449
192 448
153 419
155 400
185 423
178 445
150 420
150 423
185 423
192 411
152 421
198 435
189 404
126 432
102 404
116 441
138 407
131 430
100 401
142 405
103 406
114 408
115 442
111 428
128 427
136 408
126 408
140 439
139 421
130 428
114 445
145 420
147 421
112 431
136 423
127 400
127 418
141 411
130 417
149 416
147 445
140 412
121 421
103 439
148 435
130 420
102 449
136 411
134 441
103 438
142 446
108 436
132 411
129 437
141 402
133 415
130 428
112 449
107 412
133 449
147 403
149 445
121 403
145 442
103 426
138 442
122 441
145 432
120 400
180 464
180 455
164 464
169 469
185 493
189 457
155 480
187 457
158 470
187 485
154 459
172 495
178 487
168 472
176 484
154 468
150 453
162 472
199 488
159 471
183 485
182 461
156 494
164 480
171 485
154 488
191 491
169 488
184 454
193 492
180 466
193 493
162 452
187 498
175 489
165 464
185 464
197 495
198 450
180 482
159 490
170 467
181 462
167 481
185 493
163 455
176 478
173 489
153 476
170 489
156 487
184 464
163 451
172 469
184 473
193 455
167 470
166 475
161 479
166 475
182 485
151 459
109 467
105 491
118 452
131 481
112 463
145 472
128 458
126 454
129 468
103 459
102 497
110 494
122 457
112 465
134 481
109 499
130 473
137 470
119 494
106 484
136 485
139 485
106 494
101 463
108 480
147 496
142 456
120 466
144 456
140 455
141 475
123 466
147 474
106 454
125 467
144 491
145 469
119 471
125 467
102 478
140 488
112 477
140 488
142 469
145 481
130 467
127 487
100 456
101 476
126 451
149 475
147 456
111 469
131 465
112 485
106 488
147 485
123 482
119 480
134 468
147 459
123 477
114 496
100 452
55 409
77 436
90 408
97 439
89 402
57 427
70 413
96 443
69 440
59 421
53 411
69 432
73 434
52 400
64 408
62 414
61 439
92 430
69 438
78 429
74 413
90 445
55 426
97 432
83 419
80 407
84 437
75 428
91 443
51 403
65 434
92 401
78 435
95 427
50 418
65 415
59 413
82 442
72 432
69 423
97 419
85 442
65 443
97 425
51 423
86 411
85 430
68 402
85 423
84 443
73 415
77 407
51 401
71 418
59 429
19 404
13 431
12 429
26 449
21 439
48 407
22 420
2 420
12 418
19 424
9 402
49 438
46 408
47 420
21 436
34 437
43 401
14 410
46 435
30 437
33 432
2 421
13 421
17 421
26 412
34 408
15 404
43 426
33 408
35 447
10 421
9 412
47 418
47 437
14 434
49 425
20 421
31 441
17 424
45 439
37 425
35 408
3 449
16 449
1 419
1 412
38 413
14 414
10 416
9 418
27 408
17 417
6 404
44 428
39 405
24 433
26 407
30 437
10 420
92 481
62 469
68 450
77 470
71 472
88 491
70 486
64 465
63 473
77 497
71 459
69 451
74 488
99 488
79 462
89 479
80 463
51 464
71 454
95 469
99 457
51 471
56 495
59 460
91 451
83 467
88 452
74 468
91 497
55 485
94 482
75 482
75 453
50 476
60 450
69 454
65 455
51 452
61 482
90 456
57 466
59 465
50 451
95 458
68 465
88 466
67 480
68 469
71 469
51 471
89 473
93 466
12 499
33 453
11 498
30 497
33 498
35 451
3 499
11 492
12 467
11 471
14 461
17 472
48 466
44 465
41 489
22 454
47 479
22 490
4 496
11 481
6 483
33 483
45 491
36 490
11 481
10 467
12 473
32 453
16 493
39 473
32 451
17 457
41 462
19 456
26 476
28 462
6 483
41 495
8 460
48 472
2 486
48 452
17 495
33 482
46 480
44 483
20 476
3 491
42 459
2 478
26 495
36 482
24 478
31 464
42 451
141 565
105 544
171 503
143 595
193 517
179 519
65 568
50 501
269 727
310 660
345 717
317 602
133 629
66 641
143 646
163 790
